操作数
06:00,06:01,06:02,06:03,06:04,06:05,06:06,06:07,06:08,06:09,06:10,06:11,06:12,06:13,06:14,06:15,06:16,06:17,06:18,06:19,06:20,06:21,06:22,06:23,06:24,06:25,06:26,06:27,06:28,06:29,06:30,06:31,06:32,06:33,06:34,06:35,06:36,06:37,06:38,06:39,06:40,06:41,06:42,06:43,06:44,06:45,06:46,06:47,06:48,06:49,06:50,06:51,06:52,06:53,06:54,06:55,06:56,06:57,06:58,06:59,07:00,07:01,07:02,07:03,07:04,07:05,07:06,07:07,07:08,07:09,07:10,07:11,07:12,07:13,07:14,07:15,07:16,07:17,07:18,07:19,07:20,07:21,07:22,07:23,07:24,07:25,07:26,07:27,07:28,07:29,07:30,
1721027,欠,0,0,0,0,12,0,0,0,0,0,0,0,0,0,0,0,0,0,0,0,0,0,0,0,0,0,0,0,0,0,0,0,0,0,0,0,0,0,0,0,0,0,0,0,0,0,0,0,0,0,0,0,0,0,0,0,0,0,0,0,0,0,0,0,0,0,0,0,0,0,0,0,0,0,0,0,0,0,0,0,0,0,0,0,0,0,26,51,24,欠,
1821001,欠,欠,欠,0,0,0,0,0,0,0,0,0,0,0,0,0,0,0,0,0,0,0,0,0,0,0,0,0,0,0,0,0,0,0,0,0,0,0,0,0,0,0,0,0,0,0,0,0,0,0,0,0,0,0,0,0,0,0,0,0,0,0,0,0,0,0,0,0,0,0,0,0,0,0,0,0,0,0,0,0,0,0,0,0,0,0,0,0,16,欠,欠,
1821002,欠,欠,欠,欠,0,0,0,0,0,0,0,0,12,0,0,0,0,0,2,56,60,59,57,0,0,0,0,0,0,0,0,0,0,0,0,0,0,0,0,0,0,0,0,0,欠,13,5,0,0,0,0,0,0,0,0,0,0,0,0,0,0,7,26,0,0,0,0,0,0,0,0,0,0,0,0,0,0,0,0,0,27,60,59,0,0,0,0,18,欠,欠,欠,
1821004,欠,欠,欠,欠,欠,0,1,0,0,0,0,0,0,0,0,0,0,0,0,0,0,0,0,0,0,0,0,0,0,0,0,0,0,0,0,0,0,0,0,0,0,0,0,0,0,0,0,0,0,0,0,0,0,0,0,0,0,0,0,0,0,0,0,0,0,0,0,0,0,0,0,0,0,0,0,0,0,0,0,0,0,0,0,0,0,0,0,0,0,欠,欠,
1821005,欠,欠,欠,0,0,0,0,0,0,0,0,0,0,0,0,0,0,0,0,0,0,0,0,0,0,0,0,0,0,0,0,0,0,0,0,0,0,0,0,0,0,0,0,0,0,0,0,0,0,0,0,0,0,0,0,0,0,0,0,0,0,0,0,0,0,0,0,0,0,0,0,0,0,0,0,0,0,0,0,0,0,0,0,0,0,0,0,14,欠,欠,欠,
1821006,欠,0,8,欠,60,19,0,0,0,0,0,0,0,0,0,0,0,0,0,59,60,60,1,0,0,0,0,0,0,24,0,39,60,60,40,60,60,16,0,0,0,0,29,0,0,0,0,0,0,0,0,0,0,0,0,0,0,0,0,58,60,18,47,0,0,0,44,58,0,0,0,0,0,0,0,0,0,0,0,0,0,0,0,0,0,0,0,0,欠,28,欠,
1821007,欠,欠,欠,欠,欠,欠,欠,欠,欠,欠,欠,4,0,0,0,0,0,0,0,0,0,0,0,0,19,0,0,0,0,0,0,0,0,0,0,0,0,0,0,0,0,0,0,0,0,0,0,0,0,0,0,0,0,0,0,0,0,0,0,0,0,0,0,0,0,0,0,0,0,0,0,0,0,0,0,0,0,0,0,0,0,0,0,0,0,0,0,0,0,0,欠,
1821009,欠,欠,欠,51,59,60,60,40,48,41,60,45,60,60,11,57,59,25,0,0,52,0,0,0,0,0,0,0,1,0,0,0,0,0,0,0,0,0,0,0,2,60,59,4,16,29,0,0,0,0,0,0,0,0,0,0,31,59,11,0,0,0,20,45,0,0,0,0,0,1,0,0,0,0,0,0,0,0,0,0,0,0,0,4,13,0,23,52,60,58,欠,
1821012,0,0,0,0,0,0,0,0,0,0,0,0,0,0,0,0,0,0,0,0,0,0,0,0,0,0,0,0,0,0,0,0,0,0,0,0,0,0,0,0,0,0,0,22,27,0,0,0,0,0,0,0,0,0,0,0,5,0,0,0,0,0,0,0,0,0,0,0,0,0,0,0,0,欠,欠,欠,欠,欠,欠,欠,欠,欠,欠,欠,欠,欠,欠,欠,欠,欠,欠,
1821014,欠,欠,欠,欠,欠,欠,欠,9,0,0,0,0,0,10,42,13,60,18,4,0,25,56,59,31,49,39,59,38,0,59,34,0,33,0,0,0,5,59,59,33,0,0,0,0,0,0,0,0,0,15,8,0,0,0,0,0,0,0,0,51,0,19,60,26,44,59,5,38,54,32,60,59,10,0,0,0,31,0,0,1,27,46,46,10,34,0,41,10,3,欠,欠,
1821016,0,44,60,57,17,0,26,60,30,34,56,31,60,59,10,43,12,0,60,60,49,57,59,42,0,19,19,0,13,54,0,41,0,0,32,24,0,38,60,3,0,9,52,11,59,34,0,0,0,6,0,0,0,14,59,36,31,59,57,60,60,59,47,0,43,8,27,52,25,0,0,0,26,0,16,0,0,0,49,60,59,60,51,28,42,27,13,56,52,欠,欠,
1821020,50,60,59,欠,2,欠,10,10,60,34,59,19,1,60,60,2,9,27,26,60,60,54,43,60,13,0,0,20,0,1,19,2,53,0,26,0,45,43,13,0,0,0,17,12,0,1,0,0,20,0,0,0,0,2,0,57,59,50,19,43,0,0,0,0,0,0,0,0,0,0,0,0,0,0,0,0,0,0,0,2,0,30,45,0,0,0,0,0,0,32,欠,
1821021,欠,0,0,0,0,0,0,11,欠,0,31,10,0,40,0,0,0,0,25,0,0,18,40,0,0,58,51,0,0,0,0,0,38,0,0,0,4,0,0,0,0,0,0,0,0,0,0,0,0,0,0,0,0,0,0,0,0,0,0,0,0,0,0,0,0,0,0,0,0,10,60,59,60,47,18,60,60,60,60,59,28,15,34,27,29,12,0,0,欠,欠,欠,
1821026,53,60,59,54,46,59,44,60,60,31,59,30,35,60,21,0,0,0,0,54,60,60,5,0,0,0,0,0,0,0,0,0,11,59,37,59,42,0,0,0,0,0,0,0,0,0,0,0,0,0,0,0,0,0,0,0,0,0,0,20,0,0,0,0,0,0,0,0,0,0,0,欠,0,0,0,0,0,0,0,0,0,0,0,0,0,0,0,欠,20,欠,欠,
1821028,欠,欠,0,0,0,0,0,0,0,0,0,0,0,0,0,0,0,0,欠,欠,0,0,0,0,0,0,0,0,0,0,0,0,0,0,0,0,0,0,0,0,0,0,0,0,0,0,0,0,0,0,59,59,60,60,2,欠,0,0,0,0,0,0,0,0,0,0,0,0,0,0,0,0,0,0,0,0,2,0,0,0,0,0,0,0,0,0,0,0,欠,欠,欠,
1821029,47,0,33,29,7,0,0,9,60,9,29,15,0,0,0,0,0,46,59,9,0,0,0,0,0,0,0,0,0,0,0,0,0,0,0,0,7,19,0,0,0,0,0,0,0,0,0,0,0,1,0,24,2,17,4,0,0,0,0,0,16,50,4,6,1,59,11,0,0,0,0,0,0,0,0,1,0,0,29,0,4,0,0,6,25,0,0,1,0,53,欠,
1821032,欠,欠,欠,欠,欠,欠,45,59,37,59,58,18,50,58,26,39,60,59,20,0,58,60,60,60,60,59,33,0,9,60,16,30,59,60,42,60,60,60,56,59,38,46,60,欠,0,0,0,0,40,60,60,1,0,0,0,0,28,59,59,59,60,60,60,58,0,21,59,60,60,3,10,56,44,0,0,0,0,0,0,0,29,23,4,3,35,0,0,欠,欠,欠,欠,
1821033,0,8,0,11,0,0,37,10,0,0,0,0,0,0,0,0,0,0,0,0,0,0,0,0,0,0,0,0,0,0,0,0,0,0,0,0,0,0,0,0,0,0,0,0,0,0,0,0,0,0,0,0,0,0,0,0,0,0,0,0,0,0,0,0,0,0,0,0,7,0,0,0,0,0,0,0,50,9,4,10,2,60,6,39,0,0,0,欠,欠,欠,欠,
1821034,60,60,60,60,60,42,48,16,38,60,48,55,60,52,21,60,54,20,60,60,60,60,60,51,7,0,0,0,0,0,0,0,0,0,0,0,0,0,0,0,0,0,0,0,0,0,0,0,0,0,欠,0,0,0,0,0,8,58,60,52,60,60,60,33,36,59,40,60,46,60,60,37,59,38,51,0,0,0,0,0,0,0,0,0,0,37,18,60,26,40,欠,
1821035,0,15,60,60,59,59,34,0,0,0,0,0,0,0,0,0,0,0,0,0,0,0,0,0,0,0,0,0,0,0,0,0,0,0,0,0,0,0,0,0,0,0,0,0,0,0,0,0,0,0,0,0,0,0,0,0,0,0,0,0,0,0,0,0,0,0,0,0,0,0,0,0,0,0,0,0,35,26,4,0,0,0,0,0,0,0,20,59,欠,欠,欠,
1821039,60,37,20,46,60,欠,60,33,33,0,3,0,1,0,0,9,59,18,0,49,20,35,15,0,0,0,0,0,0,33,20,0,0,0,0,0,0,0,0,0,0,0,0,0,0,0,0,18,55,22,44,0,0,0,1,56,60,59,59,4,0,25,58,6,60,13,46,59,14,0,13,2,0,0,14,46,56,0,1,59,59,60,30,32,60,20,5,35,52,59,欠,
1821040,59,60,57,60,44,52,18,40,18,41,58,3,44,40,18,59,39,6,49,55,58,59,56,17,0,0,0,0,0,0,0,0,0,0,0,0,0,0,0,0,0,0,0,0,0,0,0,0,0,0,0,0,0,0,0,0,0,0,0,0,3,12,0,0,0,11,1,0,0,0,15,32,21,0,4,53,0,20,60,60,57,56,44,1,0,欠,欠,欠,欠,欠,欠,
1821045,欠,欠,欠,欠,0,0,0,0,0,0,0,0,0,0,0,0,0,0,0,0,0,0,0,0,0,0,0,0,0,0,0,0,0,0,0,0,0,0,0,0,0,0,0,0,0,0,0,0,0,0,4,0,0,0,0,0,0,0,0,0,0,0,0,0,0,0,0,0,0,0,0,0,0,0,0,0,0,0,0,0,0,0,0,0,0,0,50,49,54,27,欠,
1821054,59,60,60,53,0,0,11,8,0,0,0,0,14,0,0,0,0,0,26,0,0,0,0,0,0,0,0,0,13,7,0,27,11,0,0,0,0,0,0,0,0,1,54,0,16,32,11,0,0,0,0,0,0,0,6,60,18,0,0,0,0,0,45,17,47,0,0,0,29,14,0,0,0,0,11,25,0,0,6,59,60,59,18,23,48,0,欠,欠,欠,欠,欠,
1821055,60,59,60,59,60,59,37,59,60,59,58,8,50,0,0,31,60,60,59,59,59,60,59,60,38,21,59,60,11,0,48,7,59,60,60,59,60,59,59,60,59,60,59,20,0,0,0,0,0,0,0,0,0,0,0,0,0,0,0,0,0,0,0,0,0,0,0,0,0,0,0,0,0,0,0,0,0,0,0,0,0,14,49,2,17,0,0,0,0,欠,欠,
1821058,0,0,17,57,59,8,28,60,59,39,60,43,56,58,3,60,59,22,59,60,60,59,60,54,31,59,59,17,40,54,22,59,59,59,35,46,59,59,60,59,59,59,59,17,59,52,59,59,59,59,25,0,0,0,8,51,59,59,56,59,47,47,26,59,59,38,59,59,17,40,59,46,59,59,39,59,59,59,59,59,59,36,28,59,55,4,59,59,59,59,欠,
1821063,欠,欠,欠,欠,欠,0,44,37,34,58,43,41,59,60,6,39,59,15,44,60,59,60,59,55,4,60,59,11,47,60,28,59,60,59,41,0,0,0,0,0,0,0,0,22,60,59,59,59,60,60,59,20,14,17,10,0,0,0,欠,0,0,8,0,0,0,0,43,60,6,0,0,0,0,31,30,0,30,59,60,59,32,8,60,27,52,5,0,0,欠,欠,欠,
1821066,欠,欠,欠,欠,欠,欠,欠,欠,欠,欠,欠,欠,欠,欠,欠,欠,欠,欠,欠,欠,欠,欠,欠,欠,欠,欠,欠,欠,欠,欠,欠,欠,欠,欠,欠,欠,欠,欠,欠,欠,欠,欠,欠,欠,欠,欠,欠,欠,欠,欠,欠,欠,欠,欠,欠,欠,欠,欠,欠,欠,欠,欠,欠,欠,欠,欠,欠,欠,欠,欠,欠,欠,欠,欠,欠,欠,欠,欠,欠,欠,欠,欠,欠,欠,欠,欠,欠,欠,欠,欠,欠,
1821068,欠,欠,欠,55,31,0,0,0,0,0,0,0,0,0,0,0,0,0,0,0,0,0,0,0,0,0,0,0,0,0,0,0,0,0,0,0,0,0,0,35,8,0,0,0,0,0,0,0,0,0,0,0,0,0,0,0,0,0,0,0,0,1,26,0,0,0,0,0,0,0,0,0,0,0,0,0,0,0,0,0,0,0,0,0,0,0,0,46,欠,欠,欠,
1821071,0,0,0,0,0,0,0,0,0,0,0,0,0,0,0,0,0,欠,0,0,0,0,0,0,0,0,0,0,0,0,0,0,0,0,0,0,0,0,0,0,0,0,0,0,0,0,0,0,0,0,0,0,0,0,0,0,0,0,0,0,0,0,0,0,0,0,0,0,0,0,0,0,0,0,0,0,0,0,0,0,0,0,0,0,0,0,0,0,欠,欠,欠,
1821072,0,0,1,0,0,0,0,0,0,0,0,3,0,0,0,0,欠,欠,8,59,60,0,0,0,0,0,2,0,0,0,0,0,24,59,15,0,0,0,0,0,0,0,0,0,0,0,0,0,0,0,0,0,0,0,0,0,0,0,0,0,0,0,0,0,0,0,20,60,29,0,0,0,0,0,0,0,0,0,0,0,0,0,0,42,6,0,23,27,欠,欠,欠,
1821073,欠,欠,0,0,0,0,0,0,0,0,1,0,0,24,19,1,0,0,0,0,0,0,0,0,0,0,0,0,0,0,4,0,0,0,0,0,0,1,6,0,0,0,0,0,0,0,0,0,0,11,0,2,0,0,0,0,0,0,0,0,0,0,25,0,0,31,0,10,17,35,54,50,36,56,35,9,欠,欠,50,36,1,35,60,59,59,60,60,59,欠,欠,欠,
1821074,欠,欠,欠,欠,欠,欠,0,0,0,0,0,欠,0,0,欠,0,欠,欠,0,0,0,0,0,0,0,0,0,0,0,0,0,0,0,0,0,0,0,0,0,0,0,欠,欠,欠,0,0,0,0,0,0,33,0,0,0,0,0,0,0,0,0,0,0,0,0,0,0,0,0,0,0,0,0,0,0,0,0,0,0,0,21,60,60,59,60,59,35,0,0,0,0,欠,
1821075,欠,欠,欠,欠,欠,欠,0,0,0,0,54,60,欠,60,0,51,59,35,50,59,59,56,58,58,48,0,0,0,0,0,0,47,60,59,60,43,0,0,39,59,55,57,60,29,44,60,59,60,60,60,60,59,22,0,0,0,39,59,30,0,49,59,60,25,0,48,0,0,0,0,0,0,0,38,41,0,24,59,59,60,59,60,10,0,0,0,0,25,欠,欠,欠,
1821076,0,0,0,0,0,0,0,0,0,0,0,0,0,0,0,0,0,13,60,0,0,0,0,0,0,0,0,0,0,0,0,0,0,0,0,0,0,0,0,0,0,0,0,0,0,0,0,0,0,0,0,0,0,0,0,0,0,0,0,0,0,0,0,0,0,0,0,0,0,0,0,0,0,0,0,0,0,0,0,0,0,10,16,60,12,0,0,0,欠,欠,欠,
1821077,欠,欠,欠,欠,欠,17,52,0,0,0,0,0,0,0,0,0,0,0,0,0,11,3,0,0,0,0,0,23,0,0,0,0,0,0,0,0,0,0,0,0,0,0,0,0,0,0,0,0,0,0,0,0,欠,0,0,0,0,欠,欠,欠,欠,欠,欠,欠,欠,欠,欠,欠,欠,欠,欠,欠,欠,欠,欠,欠,欠,欠,欠,欠,欠,欠,欠,欠,欠,欠,欠,欠,欠,欠,欠,
1821078,欠,欠,欠,欠,欠,欠,欠,欠,欠,欠,欠,欠,欠,欠,0,欠,0,0,0,46,60,59,60,41,0,欠,欠,0,0,0,0,0,0,0,0,0,0,0,0,0,0,0,欠,0,0,0,28,60,59,59,60,60,59,36,0,0,53,60,欠,60,60,59,59,31,7,59,25,59,59,60,60,59,29,32,60,8,43,59,60,60,60,59,60,59,59,60,59,60,60,59,欠,
1821079,0,0,0,0,0,0,0,0,0,0,0,0,0,0,0,0,0,0,0,0,0,0,0,0,0,0,0,0,0,0,0,0,0,0,0,0,0,0,0,0,0,0,0,0,0,8,60,60,20,0,0,0,0,0,0,0,0,0,0,0,0,0,17,0,0,0,0,0,0,0,0,0,0,0,0,0,0,0,0,0,0,0,0,0,0,0,0,0,0,0,欠,
1821080,欠,欠,欠,欠,欠,0,0,0,0,0,0,0,0,0,0,0,0,0,0,0,0,0,欠,欠,欠,欠,欠,欠,欠,欠,欠,欠,欠,欠,60,60,60,60,60,60,60,60,60,60,60,60,60,60,60,60,欠,欠,欠,欠,欠,欠,欠,欠,欠,欠,欠,欠,欠,欠,欠,欠,欠,欠,欠,欠,欠,欠,欠,欠,欠,欠,欠,欠,欠,欠,欠,欠,欠,欠,欠,欠,欠,欠,欠,60,欠,
1821081,欠,欠,欠,欠,欠,欠,欠,0,0,0,49,22,0,0,0,0,0,0,0,0,0,0,0,0,0,0,0,0,0,0,0,0,0,12,欠,0,0,0,0,0,0,0,0,0,0,16,0,0,0,0,0,0,5,3,3,14,29,7,40,0,0,0,0,0,0,0,0,0,0,0,0,0,0,0,0,0,55,1,0,0,0,14,10,0,0,0,0,欠,欠,欠,欠,
1821084,欠,欠,欠,欠,0,0,0,0,0,0,0,0,0,4,10,20,0,0,0,16,59,59,60,38,0,51,59,10,25,60,13,27,60,59,59,59,31,0,0,50,39,0,0,0,0,22,30,59,54,34,41,0,0,0,0,0,0,0,0,18,28,53,33,0,0,18,59,43,36,59,60,28,55,60,43,60,59,60,60,59,59,60,59,59,59,7,0,0,0,0,欠,
1821085,0,0,0,0,0,0,0,0,14,5,45,14,60,60,32,60,53,57,3,0,0,0,59,60,36,0,50,0,0,0,0,0,0,0,0,0,0,0,0,0,0,0,0,0,0,0,0,0,0,0,0,0,0,1,28,11,60,38,2,6,55,58,0,0,51,60,40,60,32,0,0,0,0,0,0,0,0,0,0,0,2,60,37,21,6,14,16,4,欠,42,欠,
1821086,欠,欠,欠,欠,欠,欠,欠,欠,欠,欠,欠,欠,欠,欠,欠,欠,欠,欠,欠,欠,欠,欠,欠,欠,欠,欠,欠,欠,欠,欠,欠,欠,欠,欠,欠,欠,欠,欠,欠,欠,欠,欠,欠,欠,欠,欠,欠,欠,欠,欠,欠,欠,欠,欠,欠,欠,欠,欠,欠,欠,欠,欠,欠,欠,欠,欠,欠,欠,欠,欠,欠,欠,欠,欠,欠,欠,欠,欠,欠,欠,欠,欠,欠,欠,欠,欠,欠,欠,欠,欠,欠,
1821087,0,0,0,0,0,0,0,0,0,0,0,0,0,0,0,0,0,0,0,0,0,0,0,0,0,0,0,0,0,0,0,0,0,0,0,0,0,0,0,0,0,0,0,0,0,0,0,0,0,0,0,0,0,0,0,0,0,0,0,0,0,0,0,0,0,0,0,0,0,0,0,0,0,0,0,0,0,0,0,0,0,0,0,20,10,3,18,欠,欠,欠,欠,
1821088,31,30,37,19,45,29,41,38,26,33,28,47,24,40,39,39,38,40,31,0,0,0,0,0,0,0,0,0,0,0,0,0,0,0,0,0,0,0,0,0,0,0,0,0,0,0,0,0,0,33,46,31,8,8,4,35,52,35,36,33,44,0,0,0,0,0,0,0,0,0,0,0,0,0,0,0,0,0,16,10,43,46,32,0,0,7,0,2,欠,欠,欠,
1821090,欠,欠,欠,欠,欠,0,0,0,0,0,0,0,0,0,0,0,0,0,0,0,0,0,0,0,0,0,0,0,0,0,0,0,0,0,0,0,0,0,0,0,0,0,0,0,0,0,0,0,0,欠,0,0,0,0,0,0,0,0,0,0,0,0,1,0,0,0,0,0,0,0,0,0,0,0,3,0,0,0,0,0,0,0,0,0,0,0,20,54,欠,欠,欠,
1821093,43,59,60,60,56,36,51,53,59,41,57,54,36,0,0,28,60,53,28,34,1,2,60,33,0,0,45,41,28,60,10,47,59,60,43,60,60,60,59,60,16,59,55,0,0,0,0,0,0,0,16,24,26,0,37,0,0,39,24,0,3,1,0,23,3,0,0,0,0,0,0,0,0,0,7,4,0,0,53,10,38,59,0,0,19,37,欠,欠,60,欠,欠,
1821096,0,0,0,0,0,0,19,1,0,0,0,0,0,0,0,0,0,0,0,0,0,0,0,0,0,0,0,0,0,0,0,0,0,0,0,0,0,0,0,0,0,0,0,0,0,0,0,0,0,0,0,0,0,0,0,0,0,0,0,0,0,0,0,0,0,0,0,0,0,0,0,0,0,0,0,0,0,0,0,0,0,0,0,0,0,0,0,0,欠,欠,欠,
1821097,欠,欠,欠,欠,欠,49,39,60,41,49,60,欠,36,60,25,23,60,32,18,60,60,51,54,60,41,29,58,56,45,0,0,0,1,1,17,47,37,0,0,0,欠,0,0,0,24,24,31,48,26,0,5,0,0,0,0,0,44,47,20,52,47,33,58,0,21,25,0,0,13,28,60,26,0,0,0,40,37,0,1,60,31,0,0,22,0,0,19,欠,欠,欠,欠,
1821098,欠,欠,欠,欠,欠,欠,欠,欠,欠,0,0,0,0,0,0,0,0,0,0,0,0,0,0,0,0,0,0,0,0,0,0,0,0,0,0,0,0,0,8,0,46,59,60,19,0,0,0,0,0,0,0,0,0,0,0,0,20,59,60,60,59,15,0,0,0,0,0,0,0,0,0,0,0,0,0,0,0,0,0,0,0,0,0,10,58,23,16,53,欠,欠,欠,
1821099,0,0,0,0,18,欠,14,欠,0,9,0,欠,2,0,0,43,60,14,43,60,54,59,60,57,2,0,0,0,0,0,0,0,57,49,50,59,60,59,52,欠,12,59,47,0,26,54,48,欠,16,0,0,42,23,15,0,7,8,7,8,5,29,0,1,30,欠,0,20,28,14,51,8,1,欠,欠,欠,欠,欠,欠,欠,欠,欠,欠,欠,欠,欠,欠,欠,欠,欠,欠,欠,
1821101,欠,欠,欠,欠,欠,欠,欠,欠,欠,欠,欠,欠,欠,欠,欠,欠,0,0,0,0,0,0,0,0,0,0,0,0,0,0,0,0,0,0,0,0,0,0,0,0,0,0,0,0,0,0,0,0,0,0,0,0,0,欠,0,0,0,0,0,0,0,0,0,0,0,0,0,0,0,0,0,2,0,0,0,0,0,0,0,0,0,0,0,0,0,0,0,5,6,59,欠,
1821102,59,60,60,59,60,60,12,47,59,35,60,31,55,59,26,16,59,12,0,42,60,59,53,0,45,19,38,0,0,0,0,0,0,0,0,0,0,0,0,0,0,0,0,0,35,0,0,0,0,0,0,0,0,0,0,0,0,0,0,0,0,0,0,3,27,0,0,0,0,0,0,0,0,0,0,0,0,0,0,0,0,0,0,1,22,34,0,30,欠,欠,欠,
1821104,欠,欠,欠,欠,欠,7,41,60,24,52,40,60,59,42,37,59,39,31,60,59,59,60,53,59,15,60,54,0,60,31,32,60,59,60,59,46,59,60,60,58,45,59,37,45,59,60,59,56,59,59,27,0,0,0,44,60,60,59,41,58,38,56,60,29,60,31,59,60,51,24,55,30,59,60,32,60,59,60,59,60,40,60,42,42,43,1,47,欠,欠,欠,欠,
1821105,0,35,60,60,59,13,0,0,0,0,0,0,0,0,0,0,27,0,0,27,60,59,59,6,0,0,0,0,0,0,0,0,0,0,0,0,0,0,0,0,0,0,0,0,0,0,0,0,0,0,0,0,22,0,0,0,0,51,60,7,0,0,0,0,0,0,0,0,0,0,0,0,0,0,23,59,34,欠,60,59,49,0,0,0,0,0,0,0,欠,欠,欠,
1821106,欠,欠,欠,欠,欠,欠,欠,欠,欠,欠,欠,0,33,56,46,36,60,0,46,60,46,0,0,24,8,50,39,40,30,50,26,1,56,60,60,43,60,欠,39,60,60,60,60,欠,欠,0,35,60,60,60,60,16,0,0,0,0,31,60,60,60,60,39,41,11,60,45,34,60,31,53,60,52,32,48,24,3,0,38,60,60,46,0,32,38,22,13,欠,欠,欠,欠,欠,
1821107,欠,欠,欠,欠,欠,欠,欠,9,0,16,23,0,0,0,1,7,欠,欠,0,0,0,0,0,0,0,0,10,0,9,50,0,28,56,60,15,0,0,0,0,0,0,0,0,0,1,0,0,0,1,欠,0,0,0,0,0,0,0,0,0,0,0,0,0,0,0,0,0,0,0,0,0,0,0,0,0,0,0,0,0,0,0,0,0,0,0,0,0,30,欠,欠,欠,
1821108,0,0,0,0,0,0,0,0,0,0,0,0,0,0,0,0,0,0,0,0,0,5,0,5,0,10,5,13,27,20,29,31,44,7,0,0,0,0,0,0,0,0,0,0,0,0,0,0,0,0,0,0,0,34,28,36,2,0,0,0,0,0,0,0,0,0,0,0,8,4,4,6,8,4,0,0,0,0,0,0,0,0,0,0,0,0,0,0,5,欠,欠,
1821111,欠,欠,欠,欠,欠,欠,0,0,0,0,45,21,0,0,0,0,0,0,0,0,0,0,0,0,0,0,0,0,0,0,0,0,0,0,0,0,0,0,0,0,0,0,0,0,0,0,0,0,0,0,0,0,0,0,欠,0,0,0,0,0,0,0,0,0,0,0,0,0,0,0,0,0,0,0,0,0,0,0,0,0,0,0,0,0,0,0,8,12,0,欠,欠,
1821119,60,60,47,0,0,0,22,59,60,60,60,60,28,25,0,0,0,0,0,6,60,25,0,0,0,0,0,0,9,0,0,0,0,0,0,0,0,10,0,0,0,44,51,17,11,40,59,44,60,60,54,3,0,0,0,24,20,41,24,0,0,0,0,0,0,0,0,0,0,0,0,0,6,0,0,0,0,0,0,0,10,0,0,0,0,26,58,47,欠,欠,欠,
1821120,0,0,18,53,18,12,26,60,40,32,35,44,12,52,20,0,14,26,26,33,9,41,9,36,0,39,48,29,25,4,15,49,11,37,39,19,43,0,1,51,29,19,43,14,40,22,60,8,23,11,44,0,0,0,0,0,0,47,45,25,45,26,51,0,10,34,43,23,23,54,1,0,0,28,32,55,7,0,0,0,8,60,21,0,7,0,0,33,欠,欠,欠,
1821121,0,0,0,0,0,0,0,0,0,0,0,0,0,0,0,0,0,0,0,0,0,0,0,0,0,0,0,0,0,0,0,12,0,0,0,0,0,0,0,0,0,0,0,0,0,32,11,0,0,0,3,0,0,0,14,0,0,0,0,0,0,0,0,0,0,0,0,0,0,欠,0,0,0,0,0,0,0,0,0,0,1,1,4,43,40,欠,32,欠,欠,欠,欠,
1821122,欠,欠,欠,欠,欠,欠,欠,欠,欠,欠,欠,5,6,0,0,0,0,0,0,0,0,0,0,0,0,0,0,0,0,0,0,0,0,0,0,0,0,0,0,0,0,0,0,2,9,12,21,1,0,0,0,34,23,57,31,0,0,0,0,0,0,0,0,6,0,0,4,0,0,0,0,0,0,0,0,0,0,0,0,0,0,0,0,0,0,0,0,0,0,欠,欠,
1821123,0,0,0,0,0,0,0,0,0,0,0,0,0,0,0,0,0,0,0,0,0,0,0,0,0,0,0,0,0,0,0,0,0,0,0,0,0,0,0,0,0,0,0,0,0,0,0,0,0,0,0,0,0,0,0,0,0,0,0,0,0,0,0,0,0,0,0,0,4,4,0,0,0,0,0,0,0,0,0,0,0,0,0,0,0,0,欠,0,33,43,欠,
1821127,60,60,60,59,59,60,7,5,53,33,26,58,60,59,59,10,59,24,31,59,60,59,60,59,59,14,0,49,0,31,32,8,55,59,60,48,58,60,15,48,18,51,60,59,21,60,60,59,60,50,22,24,15,17,6,25,60,59,60,47,56,30,60,11,21,59,2,46,39,59,59,56,33,52,40,35,21,30,11,33,0,12,39,57,46,7,56,41,欠,欠,欠,
1821130,欠,欠,欠,欠,0,48,34,0,0,0,0,33,60,53,0,53,60,12,58,22,0,0,0,0,0,0,0,0,18,53,0,34,57,0,0,0,0,0,0,0,0,0,0,0,0,0,30,52,16,0,0,0,0,0,0,0,0,0,0,0,0,0,0,0,0,0,0,0,0,0,0,0,0,19,47,0,0,31,60,60,40,0,0,0,0,0,欠,欠,欠,欠,欠,
1821131,0,0,0,0,0,0,0,0,0,0,0,0,0,0,0,0,0,0,0,0,0,0,0,0,0,0,0,0,0,0,0,0,0,0,0,0,0,0,0,0,0,0,0,0,0,0,0,0,0,0,0,0,0,0,0,0,0,0,0,0,0,0,0,0,0,0,0,0,0,0,0,0,0,0,0,0,0,0,0,0,0,0,0,0,0,0,0,0,欠,欠,欠,
1821132,0,0,0,0,0,0,0,0,0,0,欠,欠,欠,欠,欠,欠,欠,欠,欠,欠,欠,欠,欠,欠,欠,欠,欠,欠,欠,欠,欠,欠,欠,欠,欠,欠,0,0,0,0,33,0,0,0,0,0,0,0,0,0,0,0,0,0,0,0,0,0,欠,0,0,0,0,0,0,0,0,0,0,0,0,0,51,0,0,0,0,0,0,0,0,0,0,0,0,0,0,欠,欠,欠,欠,
1821133,60,60,59,59,60,60,59,60,59,19,59,19,0,0,0,0,0,0,0,0,0,0,0,0,0,0,0,0,0,7,19,17,59,60,40,45,59,60,59,60,59,6,0,0,0,0,7,59,59,60,59,1,0,0,0,0,0,0,48,60,59,60,59,29,34,60,29,60,56,43,60,59,31,59,60,41,55,59,60,59,60,60,48,37,59,16,0,欠,欠,欠,欠,
1821134,欠,36,60,60,60,51,0,0,0,0,0,0,19,0,0,0,0,0,0,0,0,0,0,0,0,0,0,0,0,0,0,0,0,0,0,0,0,0,0,0,0,0,0,0,0,0,0,0,0,0,0,0,0,0,0,0,0,0,0,0,0,0,0,0,0,0,0,0,0,0,0,0,0,0,0,0,0,0,0,0,0,0,0,0,0,0,0,19,57,欠,欠,
1821136,欠,欠,0,0,0,0,0,0,0,0,0,0,0,0,0,0,0,0,0,0,0,0,0,0,0,0,0,0,0,0,0,0,0,0,0,0,0,0,0,0,0,0,0,0,0,0,0,0,0,0,0,0,0,0,0,0,0,0,0,0,0,0,0,0,0,0,0,0,0,0,0,0,0,0,0,0,0,0,0,0,0,0,0,0,0,0,0,0,欠,欠,欠,
1821137,60,59,60,41,60,60,59,60,59,59,59,60,60,59,59,60,59,41,59,60,60,48,2,0,0,0,0,0,0,0,0,0,0,0,0,0,0,0,0,0,0,0,0,0,0,0,10,60,59,60,30,0,0,0,0,0,0,0,0,0,0,0,0,0,0,0,0,0,0,0,7,60,4,0,0,0,7,60,59,60,59,60,59,59,41,0,0,0,0,0,欠,
1821138,欠,欠,欠,欠,欠,欠,欠,欠,0,0,0,0,0,0,0,18,0,0,0,0,0,0,0,0,0,0,0,0,0,0,0,0,0,0,0,0,0,0,0,0,0,0,0,0,0,0,0,0,0,0,0,0,0,0,0,0,0,0,0,0,0,0,0,0,0,0,0,0,0,42,60,60,59,60,60,60,59,60,59,60,60,60,59,欠,欠,欠,欠,欠,欠,欠,欠,
1821139,欠,欠,欠,欠,欠,欠,欠,0,11,15,20,30,35,8,0,0,38,0,8,24,31,0,0,0,0,0,0,0,0,0,0,1,35,0,0,0,9,0,0,0,0,0,0,0,0,0,0,0,0,0,0,0,0,0,0,0,0,0,0,0,0,0,27,43,60,59,25,59,60,18,60,58,19,41,59,19,0,0,0,0,0,1,60,59,60,11,0,0,13,欠,欠,
1821140,欠,欠,欠,欠,欠,0,0,0,0,0,0,0,0,0,0,0,0,0,0,0,0,0,0,0,0,0,0,0,0,0,0,0,0,0,0,0,0,0,0,0,0,0,0,0,0,0,0,0,0,0,0,0,0,0,0,0,0,7,0,0,0,0,0,0,0,0,0,0,0,0,0,0,0,0,0,0,0,0,0,0,0,26,55,47,1,0,0,欠,欠,欠,欠,
1821141,53,60,33,58,60,38,60,11,41,60,60,20,51,60,4,12,欠,欠,58,欠,36,53,44,4,20,34,8,欠,18,0,0,39,2,53,60,56,60,26,0,3,53,60,59,15,26,60,60,60,60,60,42,0,0,1,0,3,0,欠,5,46,29,20,4,0,欠,36,19,57,43,57,60,47,20,60,44,25,23,4,56,49,47,37,1,0,30,45,欠,欠,欠,欠,欠,
1821142,欠,欠,欠,欠,欠,0,0,0,0,0,0,0,0,0,0,0,0,0,0,0,0,0,0,0,17,0,26,0,29,54,0,0,0,0,0,0,0,0,43,60,60,59,60,0,0,53,60,60,8,0,0,0,0,0,0,50,60,60,47,60,44,0,0,0,0,0,0,0,0,0,0,0,0,31,27,20,6,0,0,49,59,60,14,36,54,0,3,54,54,52,欠,
1821145,欠,欠,欠,欠,欠,欠,欠,34,60,18,60,40,60,60,37,3,59,46,4,60,60,54,23,4,0,0,0,0,0,0,6,4,18,56,26,0,0,0,0,0,0,0,0,0,0,0,1,60,60,60,60,11,0,0,0,0,0,24,59,60,10,0,0,0,0,57,17,59,59,11,0,0,0,0,0,10,59,59,60,54,60,60,49,0,0,0,0,31,欠,欠,欠,
1821147,欠,欠,欠,36,60,57,52,7,4,0,0,0,0,0,0,0,0,2,0,0,0,0,26,10,0,0,3,欠,2,0,0,0,0,0,0,0,0,0,7,0,0,0,0,0,0,0,0,2,1,5,0,21,17,4,0,0,13,50,0,2,0,0,0,28,60,44,31,9,22,10,34,4,45,6,14,31,23,56,33,20,16,14,46,60,49,2,欠,欠,36,44,欠,
1821148,59,60,22,0,0,0,0,0,5,35,9,17,0,0,欠,欠,3,2,0,0,0,5,0,0,0,0,0,1,1,欠,欠,2,25,60,欠,10,0,0,4,0,0,8,0,0,欠,欠,欠,欠,欠,欠,欠,欠,欠,欠,欠,欠,欠,欠,欠,欠,欠,欠,欠,欠,欠,欠,欠,欠,欠,欠,欠,欠,欠,欠,欠,欠,欠,欠,欠,欠,欠,欠,欠,欠,欠,欠,欠,欠,欠,欠,欠,
1821150,欠,欠,欠,欠,欠,欠,欠,0,0,0,0,0,0,0,0,0,0,0,0,0,0,0,0,0,0,0,0,0,0,0,0,0,0,0,0,0,0,0,0,0,0,0,0,0,0,0,0,0,0,0,0,0,0,0,0,0,0,0,0,0,0,0,欠,0,0,0,0,0,0,0,0,0,0,0,0,0,0,0,0,0,0,0,42,11,17,0,0,欠,欠,欠,欠,
1821152,60,60,59,59,59,60,59,60,60,60,59,59,60,60,60,59,60,59,60,60,59,59,60,60,59,59,60,59,60,60,59,59,60,60,59,59,60,59,60,59,60,60,59,60,60,60,60,60,59,60,60,59,60,59,59,60,59,59,60,59,60,60,59,60,60,59,60,59,60,59,60,59,60,60,59,59,59,47,60,60,60,59,60,59,60,60,59,59,54,欠,欠,
1821154,欠,欠,欠,欠,欠,欠,欠,42,60,35,60,38,60,60,17,45,52,36,37,60,60,53,57,60,43,21,60,60,60,2,0,5,60,60,40,54,26,60,60,60,60,60,60,5,49,60,60,60,60,43,52,44,0,0,0,0,0,0,58,54,0,0,0,0,0,35,6,60,41,43,0,0,0,0,0,0,0,0,0,0,0,0,0,0,0,0,0,0,40,欠,欠,
1821155,欠,欠,欠,欠,欠,29,51,0,51,40,59,44,48,48,0,0,0,0,0,0,0,4,0,0,0,1,60,12,8,50,0,0,0,0,0,0,0,0,0,31,48,27,0,0,0,0,0,0,0,0,50,7,0,0,0,0,0,0,0,0,0,0,0,0,0,0,2,57,60,46,60,59,13,0,0,0,0,0,0,0,0,0,6,0,0,0,0,42,欠,欠,欠,
1821158,欠,欠,欠,欠,欠,欠,欠,欠,60,8,60,52,0,0,0,0,0,0,0,0,0,0,0,0,0,0,0,0,0,0,0,0,0,0,0,0,0,0,0,0,0,0,0,0,0,0,0,0,0,0,0,0,欠,欠,欠,欠,欠,欠,欠,0,0,0,0,0,0,0,0,0,0,0,0,欠,0,0,0,0,0,0,0,0,0,8,59,32,10,34,0,0,欠,欠,欠,
1821159,欠,欠,欠,欠,0,0,0,0,0,0,0,0,0,0,0,0,0,0,0,0,0,0,0,0,0,0,0,0,0,0,欠,6,0,0,0,0,0,0,0,0,0,0,0,0,0,0,0,0,0,0,0,0,0,0,0,0,0,0,0,0,0,0,0,0,0,0,0,0,0,0,0,0,0,0,0,0,0,0,0,0,0,0,0,0,0,0,0,45,欠,欠,欠,
1821160,60,60,59,60,37,48,51,60,60,42,59,34,58,59,36,43,60,28,23,60,59,60,42,59,24,48,59,51,0,54,33,0,0,0,0,7,0,35,4,59,59,60,60,17,0,0,0,52,59,59,60,2,0,0,0,57,60,52,50,32,47,23,0,15,39,28,0,0,13,0,0,0,0,0,9,42,59,60,60,44,0,0,17,59,48,6,54,56,欠,欠,欠,
1821162,0,0,0,0,0,欠,0,0,0,0,0,0,0,0,0,0,0,0,0,0,0,0,0,0,0,0,0,0,0,0,0,0,0,0,0,0,0,0,0,0,0,0,0,0,0,0,0,0,0,0,0,0,0,0,0,0,0,0,0,0,0,0,0,0,0,0,0,0,0,0,0,0,0,0,0,0,0,0,0,0,0,0,0,0,0,0,0,57,58,欠,欠,
1821163,欠,欠,欠,欠,欠,49,59,44,44,57,46,55,60,60,21,59,60,57,欠,53,60,58,59,60,27,56,60,36,16,59,23,欠,53,59,43,60,59,59,55,60,60,54,42,60,27,59,57,59,59,60,59,22,0,0,0,0,0,29,60,60,59,60,59,60,3,27,35,29,59,59,60,59,17,0,0,0,17,59,60,60,55,0,1,0,0,0,欠,欠,欠,欠,欠,
1821166,欠,欠,欠,欠,欠,欠,欠,欠,29,47,欠,欠,20,59,51,欠,21,29,44,2,34,60,60,59,49,55,60,50,欠,36,59,60,48,58,欠,欠,欠,8,23,32,60,59,60,40,3,0,5,43,59,59,51,欠,60,40,13,33,60,2,19,0,19,9,11,7,0,16,6,11,0,22,11,25,18,10,27,15,36,35,53,35,32,59,37,8,20,欠,欠,欠,欠,欠,欠,
7699990,欠,欠,欠,0,0,24,0,5,0,0,0,欠,29,15,40,52,24,13,15,42,15,44,23,37,57,56,30,0,28,54,58,60,50,38,54,60,59,31,0,0,1,60,60,59,59,46,30,32,38,55,0,0,0,0,0,0,22,21,31,7,51,0,0,0,14,34,45,32,44,10,44,12,31,29,25,0,15,0,0,0,0,0,0,14,0,0,0,2,0,0,欠,
999998,欠,欠,欠,欠,欠,欠,欠,欠,欠,欠,欠,欠,欠,欠,欠,欠,欠,欠,欠,欠,欠,欠,欠,欠,欠,欠,欠,欠,欠,欠,欠,欠,欠,欠,欠,欠,欠,欠,欠,欠,欠,欠,欠,欠,欠,欠,欠,欠,欠,欠,欠,欠,欠,欠,欠,欠,欠,欠,欠,欠,欠,欠,欠,欠,欠,欠,欠,欠,欠,欠,欠,欠,欠,欠,欠,欠,欠,欠,欠,欠,欠,欠,欠,欠,欠,欠,欠,欠,欠,欠,欠,
