操作数
06:00,06:01,06:02,06:03,06:04,06:05,06:06,06:07,06:08,06:09,06:10,06:11,06:12,06:13,06:14,06:15,06:16,06:17,06:18,06:19,06:20,06:21,06:22,06:23,06:24,06:25,06:26,06:27,06:28,06:29,06:30,06:31,06:32,06:33,06:34,06:35,06:36,06:37,06:38,06:39,06:40,06:41,06:42,06:43,06:44,06:45,06:46,06:47,06:48,06:49,06:50,06:51,06:52,06:53,06:54,06:55,06:56,06:57,06:58,06:59,07:00,07:01,07:02,07:03,07:04,07:05,07:06,07:07,07:08,07:09,07:10,07:11,07:12,07:13,07:14,07:15,07:16,07:17,07:18,07:19,07:20,07:21,07:22,07:23,07:24,07:25,07:26,07:27,07:28,07:29,07:30,
1721027,欠,0,0,0,0,0,1,31,6,42,0,44,0,0,93,12,4,54,36,0,0,1,7,1,0,0,0,0,16,118,113,109,41,48,54,0,6,1,53,9,0,0,1,98,51,3,54,0,11,15,31,126,114,85,126,76,50,39,30,0,7,54,44,45,0,57,41,0,40,8,1,44,10,0,32,6,9,16,45,20,0,16,39,15,16,112,66,0,2,0,欠,
1821001,欠,欠,欠,0,0,2,0,0,33,16,34,8,24,13,44,56,0,1,13,64,0,1,0,0,1,105,82,1,104,77,59,34,0,0,1,21,0,0,1,36,23,4,41,18,49,20,0,1,1,16,34,68,90,99,112,71,72,0,0,20,0,46,0,52,57,14,51,41,0,34,2,0,56,35,0,0,51,5,7,25,2,0,49,39,0,34,74,40,83,欠,欠,
1821002,欠,欠,欠,欠,13,0,50,0,0,0,36,37,0,71,93,1,0,138,67,0,0,0,2,34,119,1,31,136,92,17,153,1,18,0,54,95,5,1,50,154,99,13,64,60,欠,16,4,0,0,0,11,113,126,141,124,114,110,58,89,21,54,83,58,83,44,63,4,78,41,15,21,0,83,0,57,30,26,59,68,0,0,0,0,81,36,101,98,0,欠,欠,欠,
1821004,欠,欠,欠,欠,欠,2,0,85,0,24,50,7,37,2,93,65,0,22,61,3,15,13,0,0,0,61,54,42,99,58,0,127,50,0,0,28,42,4,0,0,0,0,16,0,0,127,0,0,0,0,4,31,134,96,130,150,0,0,0,16,0,0,0,78,21,0,30,30,26,0,0,0,0,0,59,40,8,0,0,0,0,2,0,0,4,98,58,61,66,欠,欠,
1821005,欠,欠,欠,3,0,2,53,9,2,48,2,59,20,2,86,36,0,66,83,9,0,1,0,2,64,18,6,60,79,0,86,23,4,0,37,0,0,1,14,13,0,0,0,51,32,1,0,0,10,0,21,66,102,98,85,80,72,0,0,0,30,0,0,81,38,0,67,0,0,54,0,0,60,0,30,2,0,35,18,2,14,34,59,0,0,101,78,24,欠,欠,欠,
1821006,欠,12,4,欠,0,6,29,2,0,36,0,39,0,1,146,2,0,77,0,0,0,0,1,1,74,0,0,130,23,1,150,61,0,0,25,0,0,20,35,9,20,0,8,78,0,1,2,0,1,17,24,176,176,46,1,0,0,1,24,0,0,1,35,54,0,65,14,1,27,1,0,48,2,0,28,0,11,23,16,0,0,0,56,15,0,151,37,0,欠,23,欠,
1821007,欠,欠,欠,欠,欠,欠,欠,欠,欠,欠,欠,50,26,32,3,72,38,4,0,76,3,0,0,0,0,26,80,0,37,37,74,27,94,29,0,0,25,0,0,0,0,0,0,15,0,42,45,2,0,0,0,4,78,16,92,24,105,50,16,0,19,9,1,0,24,92,0,32,43,28,1,0,0,0,4,45,33,0,0,1,0,0,0,0,0,0,0,72,106,36,欠,
1821009,欠,欠,欠,3,0,0,0,31,0,35,0,34,0,0,116,10,0,68,28,0,1,2,0,1,56,49,12,85,83,0,117,0,0,8,52,0,0,1,57,28,19,0,0,116,0,6,6,3,7,18,32,92,171,77,1,1,9,0,34,98,24,55,3,13,14,29,31,4,43,54,8,16,17,59,39,0,12,38,11,38,71,13,106,26,38,155,17,11,0,0,欠,
1821012,0,0,0,0,0,0,31,0,1,43,0,20,0,0,83,7,0,72,0,0,0,2,0,0,55,21,0,15,83,11,78,0,0,0,20,19,22,0,0,0,1,0,10,51,0,1,0,0,0,14,9,68,66,62,102,56,15,3,0,0,15,32,23,37,0,40,21,0,29,0,0,20,27,欠,欠,欠,欠,欠,欠,欠,欠,欠,欠,欠,欠,欠,欠,欠,欠,欠,欠,
1821014,欠,欠,欠,欠,欠,欠,欠,15,81,40,0,0,45,5,55,98,0,91,72,19,1,0,0,3,38,47,0,75,166,0,124,72,0,0,2,1,43,0,0,13,21,15,24,51,0,0,59,0,0,5,98,233,188,30,0,0,0,0,15,2,0,68,0,90,32,0,85,0,10,78,0,0,80,22,24,0,27,1,6,35,30,0,55,43,1,220,89,0,0,欠,欠,
1821016,0,0,0,0,0,0,23,0,7,34,1,31,0,0,69,26,1,60,0,0,1,2,0,1,60,52,0,70,61,1,96,0,1,0,16,7,22,9,0,1,0,0,1,82,0,8,0,0,0,0,32,96,98,51,0,20,18,0,0,0,0,0,5,79,26,36,34,0,26,0,0,26,28,12,29,20,24,43,0,0,0,0,12,42,25,35,83,0,1,欠,欠,
1821020,2,0,0,欠,7,欠,28,2,0,44,0,36,3,0,56,56,1,56,23,0,0,1,0,0,6,109,0,19,106,27,79,110,1,0,55,1,0,9,29,17,8,12,0,64,0,3,0,3,2,6,0,86,129,71,57,0,0,9,3,21,8,32,0,76,0,1,51,0,27,0,3,0,66,2,28,0,23,6,0,10,0,2,19,44,1,91,60,2,73,20,欠,
1821021,欠,22,135,5,14,22,80,0,欠,39,0,0,4,47,139,18,39,83,1,1,0,0,1,12,87,0,14,143,96,101,98,6,5,64,0,0,0,56,23,0,0,0,1,147,0,0,2,0,0,0,0,0,0,0,0,0,0,0,0,0,0,0,0,0,0,0,0,0,0,2,0,0,0,16,54,0,0,0,0,0,50,76,48,78,62,107,180,81,欠,欠,欠,
1821026,3,0,0,1,2,0,39,0,0,53,0,51,10,0,140,56,0,110,47,0,0,0,0,1,87,0,0,150,72,9,142,69,2,0,66,0,0,23,21,0,0,0,0,0,88,28,0,0,1,5,39,171,138,184,172,38,0,0,38,0,120,0,72,0,10,115,23,33,10,14,7,欠,146,2,62,37,109,55,68,10,0,0,0,0,7,221,23,欠,0,欠,欠,
1821028,欠,欠,1,0,0,1,0,0,25,74,0,0,45,1,100,0,0,57,欠,欠,10,1,0,0,88,0,0,61,91,0,60,44,1,0,0,26,0,0,21,10,0,0,0,0,0,0,0,0,0,8,0,0,0,0,64,欠,120,5,6,14,0,0,53,94,0,0,0,0,0,0,0,0,0,0,1,69,45,35,0,7,3,0,105,123,70,166,101,77,欠,欠,欠,
1821029,0,9,4,0,0,19,52,0,0,92,0,77,0,0,196,38,0,0,0,155,0,0,0,0,133,111,0,159,82,0,173,0,0,0,37,0,51,0,0,0,0,0,0,150,1,0,0,0,2,6,17,54,177,27,56,0,0,0,24,1,0,5,33,85,0,0,88,0,89,0,0,0,67,0,77,8,0,0,0,0,13,14,50,64,0,298,15,0,91,0,欠,
1821032,欠,欠,欠,欠,欠,欠,0,0,28,0,0,51,10,0,61,40,0,0,63,17,0,0,0,0,0,0,32,124,83,0,59,2,0,0,15,0,0,0,0,0,21,10,0,欠,76,80,64,0,0,0,0,93,91,103,94,103,21,0,0,0,0,0,0,0,86,51,0,0,0,97,4,0,21,21,75,115,32,16,9,31,23,24,41,46,1,70,51,欠,欠,欠,欠,
1821033,0,0,44,28,3,1,0,2,1,58,10,26,11,0,107,0,0,60,11,0,0,1,0,1,72,0,0,150,0,5,78,0,0,0,25,0,0,13,16,0,0,0,19,72,0,1,0,0,1,4,25,183,187,118,27,17,0,7,30,0,42,0,45,0,0,98,26,95,5,54,29,35,18,49,16,26,1,32,20,8,0,0,59,1,113,27,0,欠,欠,欠,欠,
1821034,0,0,0,0,0,28,0,1,34,0,31,11,0,14,114,0,5,81,0,0,0,0,0,9,74,0,51,129,0,0,117,0,0,6,38,0,0,10,25,15,0,0,93,0,1,0,0,4,0,7,欠,135,166,101,165,159,128,0,0,15,0,0,0,61,52,0,57,0,31,0,0,14,0,55,17,14,0,5,14,0,0,10,54,16,0,59,132,0,6,14,欠,
1821035,0,0,0,0,0,0,52,0,0,26,45,74,0,0,158,78,0,112,21,0,0,0,1,0,99,0,0,0,260,34,168,0,0,0,0,47,50,33,0,0,0,0,0,175,10,0,0,0,0,0,0,106,222,141,223,159,263,39,0,0,0,65,32,182,27,24,93,0,88,0,0,0,92,0,0,110,12,42,53,137,61,0,20,174,0,172,166,0,欠,欠,欠,
1821039,0,0,0,0,0,欠,22,0,0,11,26,35,0,0,125,0,0,82,0,0,0,0,0,0,91,16,0,37,130,28,98,0,0,0,36,0,0,0,0,40,19,0,1,0,0,99,39,0,0,15,0,82,147,116,30,0,0,0,0,14,0,0,6,97,0,64,43,0,52,0,0,20,43,0,31,0,0,18,36,0,0,0,54,30,0,111,98,0,0,0,欠,
1821040,0,0,0,0,0,2,25,0,38,1,0,52,0,49,69,0,16,84,0,0,0,0,0,0,102,0,23,95,0,49,39,0,0,6,8,0,0,35,0,0,0,0,66,35,0,0,0,0,0,0,53,0,123,168,26,54,0,0,29,0,50,13,66,60,0,88,1,31,22,2,11,52,21,0,61,0,0,0,0,0,0,0,37,93,73,欠,欠,欠,欠,欠,欠,
1821045,欠,欠,欠,欠,3,17,26,0,24,14,13,48,0,0,120,0,1,93,0,0,0,0,1,0,131,18,3,160,64,2,0,0,36,59,81,1,0,11,90,184,109,30,0,40,103,14,0,0,1,47,5,143,152,123,93,107,57,0,37,0,49,41,43,60,0,31,32,13,36,3,0,28,48,0,33,0,16,100,94,63,33,70,2,0,7,118,2,7,7,47,欠,
1821054,0,0,0,0,0,1,0,1,3,40,0,40,2,0,156,14,3,120,0,0,1,1,0,0,79,0,0,118,105,3,107,0,0,0,23,0,0,26,3,0,0,4,3,112,0,1,0,0,9,0,48,154,221,163,71,0,0,0,18,0,6,48,12,89,11,95,28,1,35,1,0,51,30,0,36,0,36,51,14,0,0,0,78,0,1,160,欠,欠,欠,欠,欠,
1821055,0,0,0,0,0,0,27,0,0,0,0,68,2,0,59,52,0,0,0,0,0,0,0,0,14,69,0,0,78,79,18,88,0,0,0,0,0,0,0,0,0,0,0,51,100,2,0,0,0,0,0,0,0,5,81,95,99,107,100,122,91,18,0,41,35,0,76,57,28,2,28,0,0,30,1,35,0,84,83,29,63,17,15,63,16,39,111,9,0,欠,欠,
1821058,5,1,0,0,0,17,27,0,0,45,0,38,2,0,151,0,0,72,0,0,0,0,0,12,80,0,0,120,50,24,115,0,0,0,46,16,0,0,0,0,0,0,0,100,0,4,0,0,0,0,64,118,141,0,62,3,0,0,2,0,35,0,69,0,0,62,0,0,99,34,0,28,0,0,39,0,0,0,0,0,0,28,82,0,4,164,0,0,0,0,欠,
1821063,欠,欠,欠,欠,欠,133,3,27,5,0,2,75,0,0,271,80,0,167,12,0,0,0,0,0,150,0,0,227,36,0,129,0,0,0,43,27,0,0,0,0,8,0,14,178,0,0,0,0,0,0,0,78,27,25,35,0,0,0,欠,22,45,125,0,2,0,95,1,0,48,0,0,44,100,2,52,0,0,0,0,0,19,7,0,106,0,260,31,0,欠,欠,欠,
1821066,欠,欠,欠,欠,欠,欠,欠,欠,欠,欠,欠,欠,欠,欠,欠,欠,欠,欠,欠,欠,欠,欠,欠,欠,欠,欠,欠,欠,欠,欠,欠,欠,欠,欠,欠,欠,欠,欠,欠,欠,欠,欠,欠,欠,欠,欠,欠,欠,欠,欠,欠,欠,欠,欠,欠,欠,欠,欠,欠,欠,欠,欠,欠,欠,欠,欠,欠,欠,欠,欠,欠,欠,欠,欠,欠,欠,欠,欠,欠,欠,欠,欠,欠,欠,欠,欠,欠,欠,欠,欠,欠,
1821068,欠,欠,欠,0,2,0,43,0,17,25,5,54,0,12,185,0,2,106,0,0,1,0,0,2,140,4,0,123,112,4,87,0,0,0,37,0,0,8,28,2,0,2,27,68,0,1,0,0,21,20,36,119,176,140,148,88,0,0,16,0,40,52,22,70,0,43,41,8,25,3,0,54,3,0,42,0,16,28,52,107,37,46,46,0,2,170,115,3,欠,欠,欠,
1821071,0,1,5,0,0,1,42,0,9,61,1,24,0,1,88,0,75,欠,59,0,1,0,19,125,65,31,2,22,86,0,74,0,0,0,16,0,0,3,0,0,22,0,2,53,52,10,0,0,1,0,6,98,108,71,92,0,0,0,0,6,8,0,0,84,27,28,31,13,114,57,20,46,97,80,1,98,1,0,0,1,0,0,42,72,0,80,73,0,欠,欠,欠,
1821072,3,38,12,0,8,0,4,33,25,0,12,33,0,19,59,0,欠,欠,81,0,0,9,1,1,87,27,5,31,58,0,72,0,0,0,32,0,0,0,66,29,0,0,74,67,53,41,0,0,0,0,52,105,96,92,42,0,33,24,26,26,18,14,14,0,0,52,14,0,49,0,4,45,11,8,31,46,56,39,84,75,43,32,3,1,10,121,4,0,欠,欠,欠,
1821073,欠,欠,17,0,0,1,39,5,21,20,10,23,0,0,70,33,0,49,25,0,0,2,0,0,64,16,1,53,77,22,92,63,0,0,13,0,0,10,18,0,2,0,2,112,75,0,0,0,8,11,40,65,125,91,46,2,2,0,0,38,0,26,6,77,41,0,111,0,62,0,1,2,38,1,38,23,欠,欠,8,11,42,0,0,0,0,0,0,0,欠,欠,欠,
1821074,欠,欠,欠,欠,欠,欠,13,3,19,0,30,欠,0,9,欠,122,欠,欠,16,85,6,0,0,0,12,90,0,0,112,43,6,83,0,0,0,0,0,0,0,0,0,欠,欠,欠,55,80,0,0,0,4,0,48,80,138,126,62,0,0,0,0,17,0,0,88,35,13,76,0,29,11,0,4,63,0,22,8,0,0,0,0,0,0,0,0,0,2,0,0,2,100,欠,
1821075,欠,欠,欠,欠,欠,欠,32,0,0,44,1,0,欠,46,123,15,0,68,15,0,0,2,0,0,19,77,1,0,113,92,167,21,0,0,0,36,0,1,11,0,4,4,0,97,4,0,0,0,0,0,0,0,83,136,177,245,69,0,12,137,0,0,0,98,180,27,122,0,0,3,0,0,94,34,31,0,0,0,0,0,0,0,106,0,0,100,132,0,欠,欠,欠,
1821076,0,0,0,0,0,0,23,0,0,39,0,32,0,0,110,10,1,69,0,1,0,0,0,0,72,0,0,130,29,0,117,2,0,1,29,0,0,1,0,0,0,22,0,83,0,1,0,0,28,11,32,172,147,129,110,0,0,0,0,24,0,0,3,107,0,38,14,1,24,1,0,0,45,0,27,0,4,0,0,0,4,0,71,0,12,168,2,0,欠,欠,欠,
1821077,欠,欠,欠,欠,欠,9,14,16,0,11,31,1,35,0,31,102,0,0,48,24,0,0,1,0,0,90,15,29,112,46,38,97,0,1,0,26,1,0,7,15,57,1,0,0,98,0,2,0,1,0,0,4,欠,56,119,144,72,欠,欠,欠,欠,欠,欠,欠,欠,欠,欠,欠,欠,欠,欠,欠,欠,欠,欠,欠,欠,欠,欠,欠,欠,欠,欠,欠,欠,欠,欠,欠,欠,欠,欠,
1821078,欠,欠,欠,欠,欠,欠,欠,欠,欠,欠,欠,欠,欠,欠,30,欠,120,2,109,0,0,0,0,13,93,欠,欠,55,131,0,0,0,139,0,24,7,0,0,0,0,0,0,欠,0,0,106,40,0,0,0,0,0,0,42,137,157,0,0,欠,0,0,0,0,62,81,0,98,0,0,0,0,0,38,47,0,55,0,0,0,0,0,0,0,0,0,0,0,0,0,0,欠,
1821079,33,51,68,40,1,3,0,0,0,17,9,10,0,0,59,77,0,61,77,50,88,50,53,21,7,16,75,82,43,69,104,74,7,0,42,0,0,0,0,0,0,0,0,6,2,1,0,0,1,0,47,57,103,98,95,2,0,0,0,0,0,65,77,1,0,0,68,0,0,0,0,1,28,0,51,4,0,0,0,0,0,6,0,0,25,109,47,36,9,0,欠,
1821080,欠,欠,欠,欠,欠,0,17,4,0,0,0,0,0,0,0,0,0,0,0,0,0,0,欠,欠,欠,欠,欠,欠,欠,欠,欠,欠,欠,欠,0,0,0,0,0,0,0,0,0,0,0,0,0,0,0,0,欠,欠,欠,欠,欠,欠,欠,欠,欠,欠,欠,欠,欠,欠,欠,欠,欠,欠,欠,欠,欠,欠,欠,欠,欠,欠,欠,欠,欠,欠,欠,欠,欠,欠,欠,欠,欠,欠,欠,0,欠,
1821081,欠,欠,欠,欠,欠,欠,欠,60,26,38,0,42,0,0,88,67,1,61,78,23,5,0,0,0,101,20,0,0,0,0,92,173,32,1,欠,70,0,0,0,0,2,0,0,0,120,28,1,0,0,0,0,0,21,119,96,135,39,4,22,0,0,49,0,131,44,52,72,0,0,0,0,0,88,10,53,32,0,18,0,0,0,0,0,0,0,0,0,欠,欠,欠,欠,
1821084,欠,欠,欠,欠,5,17,15,0,0,33,6,30,2,4,88,22,0,67,11,10,0,0,0,0,76,6,0,79,62,0,71,50,0,0,0,0,17,0,0,1,16,2,35,40,0,7,0,0,1,4,7,38,140,112,87,90,43,1,0,17,31,0,28,50,0,56,0,36,21,0,0,41,8,0,29,0,0,0,0,0,0,0,0,0,0,60,70,17,55,13,欠,
1821085,0,0,49,0,0,18,100,0,0,71,0,46,0,0,103,0,0,0,63,0,0,1,0,0,59,9,11,138,0,1,136,0,1,0,24,0,0,1,16,4,0,6,1,92,0,0,0,0,0,0,0,160,246,132,78,15,0,0,17,0,0,1,32,93,0,0,64,0,26,3,0,0,46,1,38,0,5,0,11,7,23,0,57,1,1,81,64,0,欠,15,欠,
1821086,欠,欠,欠,欠,欠,欠,欠,欠,欠,欠,欠,欠,欠,欠,欠,欠,欠,欠,欠,欠,欠,欠,欠,欠,欠,欠,欠,欠,欠,欠,欠,欠,欠,欠,欠,欠,欠,欠,欠,欠,欠,欠,欠,欠,欠,欠,欠,欠,欠,欠,欠,欠,欠,欠,欠,欠,欠,欠,欠,欠,欠,欠,欠,欠,欠,欠,欠,欠,欠,欠,欠,欠,欠,欠,欠,欠,欠,欠,欠,欠,欠,欠,欠,欠,欠,欠,欠,欠,欠,欠,欠,
1821087,0,0,0,0,0,8,0,0,94,0,65,0,0,110,84,0,89,57,0,0,1,0,0,94,49,0,75,192,0,90,70,0,0,37,8,2,0,6,24,14,0,17,184,53,1,0,0,7,8,0,156,138,229,9,0,0,4,0,32,0,139,0,51,0,0,100,0,29,34,42,0,61,0,36,17,1,11,16,28,1,2,12,114,0,91,278,2,欠,欠,欠,欠,
1821088,30,25,17,19,13,28,15,24,51,7,30,11,30,14,12,6,12,16,36,12,3,0,0,0,1,0,0,1,0,0,1,0,0,0,0,1,0,19,43,0,0,0,1,0,0,0,0,1,17,14,9,20,97,9,0,22,2,3,35,26,1,0,0,0,0,1,0,0,1,1,20,4,0,0,1,0,22,96,54,27,2,13,2,0,0,4,0,0,欠,欠,欠,
1821090,欠,欠,欠,欠,欠,10,0,0,51,33,0,56,0,11,138,0,2,67,74,0,0,1,2,4,123,0,0,31,140,81,187,79,0,0,0,1,19,33,28,4,12,4,57,56,6,1,0,4,1,欠,66,99,90,182,207,33,0,12,14,88,32,76,0,33,0,0,127,46,80,0,11,33,14,2,34,3,18,95,15,22,47,0,36,39,1,128,59,2,欠,欠,欠,
1821093,0,0,0,0,0,0,33,17,0,39,0,0,38,0,141,0,0,18,88,0,0,0,0,0,51,18,0,81,112,0,162,48,0,0,31,0,0,0,0,0,12,0,0,108,0,0,0,0,5,11,26,30,3,0,0,0,0,0,19,0,65,34,0,0,0,80,0,0,0,0,0,0,0,0,56,67,8,69,12,33,0,0,67,0,105,70,欠,欠,0,欠,欠,
1821096,17,0,0,0,4,0,46,11,21,44,17,43,20,0,24,119,77,0,28,53,22,8,0,10,38,88,4,47,187,16,38,49,0,5,65,0,0,0,0,37,9,4,1,66,20,11,3,6,3,4,0,77,59,53,52,115,80,0,0,37,1,23,0,64,73,1,76,27,60,6,10,22,46,71,1,39,2,24,21,0,13,0,0,90,27,47,101,110,欠,欠,欠,
1821097,欠,欠,欠,欠,欠,8,10,0,4,4,0,欠,11,0,7,7,0,15,19,0,0,5,0,0,5,9,0,0,4,19,12,50,39,34,11,6,5,14,30,19,欠,23,22,37,25,19,17,7,23,19,30,34,18,28,24,20,6,7,26,2,2,17,1,19,11,0,4,10,26,2,0,13,4,0,9,5,2,25,2,0,5,15,17,0,0,25,15,欠,欠,欠,欠,
1821098,欠,欠,欠,欠,欠,欠,欠,欠,欠,27,22,55,0,0,1,86,3,55,42,0,0,0,1,0,1,70,0,0,60,65,0,77,2,0,0,0,25,28,3,0,0,0,0,77,14,1,0,0,1,15,9,89,71,90,105,41,0,0,0,0,0,58,42,45,15,0,82,0,29,12,1,7,45,0,0,22,28,11,36,0,0,0,23,57,0,75,59,0,欠,欠,欠,
1821099,20,0,0,0,2,欠,21,欠,80,110,73,欠,51,58,0,0,0,73,19,0,2,0,0,0,100,1,13,152,134,34,157,0,0,12,14,0,0,0,2,欠,31,0,27,116,27,2,0,欠,39,104,174,18,2,66,86,65,109,74,50,2,67,4,19,58,欠,3,43,60,42,0,92,138,欠,欠,欠,欠,欠,欠,欠,欠,欠,欠,欠,欠,欠,欠,欠,欠,欠,欠,欠,
1821101,欠,欠,欠,欠,欠,欠,欠,欠,欠,欠,欠,欠,欠,欠,欠,欠,20,29,24,8,0,0,0,0,0,0,0,12,84,29,0,0,0,0,1,0,0,0,26,0,0,0,0,11,50,9,0,1,59,15,0,0,0,欠,6,3,10,0,0,0,0,0,0,0,0,0,0,0,0,0,0,37,6,44,35,0,21,0,0,3,0,0,0,0,0,9,5,59,11,0,欠,
1821102,0,0,0,0,0,0,43,0,0,27,0,50,0,0,75,70,0,47,74,0,0,0,3,0,19,83,0,51,168,0,44,125,2,0,41,0,11,5,21,24,2,0,1,101,17,1,0,0,17,0,0,131,165,130,118,44,0,31,0,19,0,48,0,87,2,1,78,0,33,0,26,0,31,2,34,12,14,84,72,99,48,66,64,8,25,67,185,8,欠,欠,欠,
1821104,欠,欠,欠,欠,欠,9,37,0,38,0,30,0,0,43,66,0,25,64,0,0,0,0,0,0,75,0,10,154,0,36,103,0,0,0,0,35,0,0,0,0,9,0,74,16,0,0,0,0,0,0,84,168,139,153,9,0,0,0,18,0,46,0,0,61,0,77,0,0,0,30,0,45,0,0,28,0,0,0,0,0,0,0,36,44,41,150,0,欠,欠,欠,欠,
1821105,0,8,0,0,0,5,0,0,27,0,0,1,97,68,2,178,34,1,80,1,0,0,0,3,59,57,1,30,129,0,111,1,0,0,31,0,3,1,17,15,15,19,0,0,48,65,0,0,1,0,15,13,10,142,181,168,159,0,0,24,1,21,0,34,124,3,89,0,0,0,0,0,63,0,5,0,31,欠,0,0,0,29,37,61,0,124,88,0,欠,欠,欠,
1821106,欠,欠,欠,欠,欠,欠,欠,欠,欠,欠,欠,112,17,0,52,80,0,64,32,0,0,0,0,0,80,18,33,70,78,0,0,124,0,0,0,42,0,欠,16,0,0,0,0,欠,欠,0,62,0,0,0,0,87,129,186,206,168,35,0,0,0,0,35,5,119,0,48,23,0,47,0,0,17,40,3,39,2,0,0,0,0,0,66,42,21,0,137,欠,欠,欠,欠,欠,
1821107,欠,欠,欠,欠,欠,欠,欠,42,8,101,36,46,2,14,133,35,欠,欠,145,0,5,6,5,68,90,164,104,132,143,1,97,70,1,0,65,1,4,47,67,19,20,0,40,130,13,1,0,0,45,欠,21,156,197,170,114,116,48,0,37,24,1,127,30,71,0,53,17,4,36,0,2,1,76,0,53,0,8,30,22,86,17,41,14,0,24,113,124,26,欠,欠,欠,
1821108,0,0,0,0,0,0,0,0,0,0,33,0,32,4,19,68,0,26,71,0,0,30,80,72,65,61,59,7,4,24,17,6,9,2,0,0,0,0,0,0,0,0,0,0,0,0,0,0,2,0,0,37,0,11,0,17,0,0,0,11,0,0,0,28,85,0,96,72,46,58,17,14,23,6,0,0,0,0,0,0,0,0,0,0,0,0,0,0,0,欠,欠,
1821111,欠,欠,欠,欠,欠,欠,65,89,46,19,3,3,0,0,95,46,0,48,22,0,0,0,0,0,79,103,0,0,110,45,126,0,0,0,0,0,0,34,33,36,0,0,0,77,38,0,0,0,0,2,0,107,170,132,欠,97,78,0,0,0,0,34,22,48,0,0,52,14,0,48,64,82,79,49,40,0,0,0,0,0,0,0,0,67,0,0,113,1,0,欠,欠,
1821119,0,0,0,12,1,1,18,0,0,0,0,0,63,96,150,0,19,66,0,0,0,0,0,0,0,0,0,139,129,43,158,0,0,0,58,0,0,5,14,14,0,0,16,92,0,0,0,0,0,0,2,207,159,247,22,0,0,0,20,40,0,0,57,76,0,0,73,0,0,0,0,0,107,0,58,0,0,0,0,0,12,12,69,0,159,118,0,0,欠,欠,欠,
1821120,0,0,3,0,0,5,47,0,2,33,3,16,33,0,81,96,43,55,23,0,8,2,1,3,99,18,2,74,69,26,111,6,0,0,33,0,4,5,14,0,0,0,1,98,1,2,0,2,1,30,5,68,143,159,150,194,152,6,17,18,5,12,9,134,4,30,1,66,42,2,50,135,31,0,30,0,10,22,32,53,36,0,49,59,45,147,128,4,欠,欠,欠,
1821121,0,0,0,0,3,2,34,0,0,44,0,33,0,0,138,0,0,92,0,0,0,1,0,0,130,0,0,0,0,75,140,0,0,46,124,78,17,110,75,86,73,27,66,151,0,11,14,0,6,68,144,260,293,57,0,22,0,36,25,9,2,40,25,93,0,63,4,0,34,欠,22,55,24,0,35,0,9,79,135,122,22,6,1,0,1,欠,3,欠,欠,欠,欠,
1821122,欠,欠,欠,欠,欠,欠,欠,欠,欠,欠,欠,41,93,8,63,91,1,0,87,0,0,0,0,0,42,82,0,17,160,80,8,111,0,0,0,0,0,0,0,0,0,0,0,22,7,42,54,79,0,0,14,4,74,3,10,0,0,0,0,0,0,0,0,54,116,0,61,0,27,0,0,0,21,43,30,0,0,0,0,0,0,0,54,16,0,0,0,5,173,欠,欠,
1821123,0,0,0,0,0,5,33,10,0,0,48,37,0,0,105,1,0,69,9,0,0,0,2,0,52,20,0,43,95,1,53,97,0,0,0,39,0,1,0,0,16,0,0,81,0,0,0,4,0,0,0,69,105,119,87,81,28,0,1,21,1,0,0,108,0,0,0,0,71,67,0,0,51,4,30,17,0,18,25,0,3,0,56,22,0,91,欠,131,0,25,欠,
1821127,0,0,0,0,0,0,15,31,0,66,64,0,0,0,0,136,0,37,56,0,0,0,0,0,0,72,54,2,136,34,80,113,0,0,0,41,0,0,17,7,18,0,0,0,118,0,0,0,0,3,6,41,36,15,95,35,0,0,0,19,1,1,0,119,72,0,145,11,53,0,0,0,73,6,34,14,81,13,23,84,151,6,2,0,2,16,0,0,欠,欠,欠,
1821130,欠,欠,欠,欠,1,1,24,0,1,34,4,39,0,1,89,0,0,76,0,0,0,1,0,3,77,12,0,57,56,1,95,0,0,0,16,0,0,3,41,0,0,0,0,0,0,0,7,0,5,0,20,88,92,109,85,94,34,1,19,1,0,0,0,76,0,16,51,0,27,1,0,0,37,1,20,8,16,13,0,0,11,43,61,0,40,104,欠,欠,欠,欠,欠,
1821131,0,0,0,0,0,0,16,0,1,21,0,42,0,4,206,4,0,84,0,0,0,0,0,0,146,0,0,84,144,0,138,40,0,0,0,0,34,0,0,0,0,0,0,150,19,0,0,0,0,0,2,120,143,195,137,118,43,0,19,0,40,67,118,0,0,91,16,0,36,0,0,0,76,0,0,49,0,0,0,0,0,0,41,63,0,121,102,0,欠,欠,欠,
1821132,0,0,0,0,2,14,21,1,60,27,欠,欠,欠,欠,欠,欠,欠,欠,欠,欠,欠,欠,欠,欠,欠,欠,欠,欠,欠,欠,欠,欠,欠,欠,欠,欠,108,43,120,88,12,44,22,85,8,5,3,0,0,12,3,85,194,146,192,81,16,0,欠,79,0,12,73,137,82,80,8,41,4,0,0,0,26,34,32,4,0,0,0,0,2,0,51,81,8,255,151,欠,欠,欠,欠,
1821133,0,0,0,0,0,0,0,0,0,59,0,76,0,0,66,40,0,39,57,2,0,0,0,0,16,95,72,20,111,0,78,8,0,0,15,0,0,0,0,0,0,13,0,86,0,12,13,0,0,0,0,69,159,161,95,134,59,15,17,0,0,0,0,65,57,0,83,0,0,31,0,0,54,0,0,37,0,0,0,0,0,0,11,57,0,52,143,欠,欠,欠,欠,
1821134,欠,0,0,0,0,3,1,31,2,30,1,35,2,0,56,61,3,21,62,0,0,6,1,0,1,59,1,52,100,1,56,45,0,0,45,3,0,11,28,0,0,1,0,65,37,1,0,0,11,0,0,71,66,82,70,90,28,0,0,14,1,15,0,63,18,14,79,14,25,0,1,0,59,16,30,41,29,37,29,0,0,0,0,75,0,8,111,72,2,欠,欠,
1821136,欠,欠,3,0,0,0,39,0,9,20,0,42,9,0,47,65,3,43,22,1,0,0,0,0,92,24,0,17,89,37,88,1,2,0,23,1,14,0,0,0,0,0,0,69,43,0,0,0,0,0,0,0,103,58,61,91,76,2,14,1,15,9,12,101,1,34,37,3,23,0,0,0,46,1,31,15,0,0,0,0,0,0,29,41,0,57,96,1,欠,欠,欠,
1821137,0,0,0,0,0,0,0,0,0,0,0,0,0,0,0,0,0,23,0,0,0,9,77,98,120,104,54,92,29,33,34,0,0,0,46,0,0,0,0,0,0,0,0,38,46,0,0,0,0,0,41,78,65,85,106,103,0,0,0,0,76,0,0,0,79,130,47,17,35,0,0,0,55,0,71,1,0,0,0,0,0,0,0,0,25,145,73,7,4,0,欠,
1821138,欠,欠,欠,欠,欠,欠,欠,欠,33,0,5,66,17,0,0,15,150,106,0,0,38,115,0,0,0,0,0,0,0,0,0,63,155,159,172,43,0,0,0,1,0,0,123,94,0,0,0,0,95,183,52,0,0,0,99,176,169,169,155,63,0,0,0,122,76,0,0,3,192,23,0,0,0,0,0,0,0,0,0,0,0,0,0,欠,欠,欠,欠,欠,欠,欠,欠,
1821139,欠,欠,欠,欠,欠,欠,欠,40,9,38,32,39,3,0,110,14,1,70,94,0,0,1,2,0,60,35,0,104,171,3,154,1,66,65,0,53,0,1,18,2,0,0,13,191,7,0,0,0,1,116,201,241,154,102,34,29,35,59,94,65,70,54,0,31,0,0,38,0,0,50,0,0,67,0,0,37,63,95,92,127,170,91,0,0,0,150,12,1,6,欠,欠,
1821140,欠,欠,欠,欠,欠,45,57,68,17,48,8,23,69,28,64,0,0,43,0,17,0,0,0,60,78,34,5,0,76,0,5,32,34,0,84,72,23,81,56,14,48,57,0,0,0,0,27,10,11,0,19,36,7,44,25,17,103,10,27,0,0,0,0,1,0,0,0,2,0,3,0,0,0,0,0,1,0,1,0,0,20,11,0,10,9,0,0,欠,欠,欠,欠,
1821141,5,0,3,0,0,0,0,73,35,0,0,91,2,0,197,132,欠,欠,0,欠,37,0,2,96,87,39,140,欠,80,111,167,8,11,1,0,3,1,52,55,6,0,0,0,81,28,0,0,0,0,0,24,10,91,124,110,122,71,欠,172,26,82,27,14,0,欠,5,103,1,33,0,0,44,54,0,48,26,66,27,0,4,5,17,117,58,0,22,欠,欠,欠,欠,欠,
1821142,欠,欠,欠,欠,欠,3,34,0,0,36,0,21,15,0,78,34,0,44,39,0,0,0,0,10,67,2,0,90,41,4,117,6,1,2,0,17,26,16,2,0,0,0,0,82,1,4,0,0,5,0,51,118,105,98,147,1,0,0,18,0,26,24,46,18,0,54,17,2,32,0,0,18,30,2,51,13,9,70,38,0,0,0,63,5,1,122,34,0,0,17,欠,
1821145,欠,欠,欠,欠,欠,欠,欠,41,0,50,0,32,0,0,38,95,0,31,47,0,0,0,0,1,0,0,0,13,94,80,64,104,26,0,52,0,0,0,1,0,0,0,9,125,10,0,0,0,0,0,0,62,111,71,117,82,103,98,0,0,19,0,0,61,106,0,67,0,0,32,0,0,11,46,0,32,0,0,0,0,0,0,14,68,0,63,94,38,欠,欠,欠,
1821147,欠,欠,欠,31,0,0,4,60,10,35,0,52,14,6,102,37,11,77,49,6,17,3,0,6,0,0,92,欠,118,97,64,37,39,0,33,0,3,0,13,82,0,50,0,66,15,16,0,2,0,4,0,40,21,71,95,115,28,4,1,22,30,78,80,8,0,40,47,1,29,7,0,42,26,2,14,46,34,3,0,24,43,80,38,0,17,164,欠,欠,36,16,欠,
1821148,0,0,1,0,0,0,0,25,0,1,56,32,0,0,欠,欠,41,76,44,0,0,1,0,10,99,0,0,120,82,欠,欠,177,14,0,欠,0,0,1,21,0,1,0,0,100,欠,欠,欠,欠,欠,欠,欠,欠,欠,欠,欠,欠,欠,欠,欠,欠,欠,欠,欠,欠,欠,欠,欠,欠,欠,欠,欠,欠,欠,欠,欠,欠,欠,欠,欠,欠,欠,欠,欠,欠,欠,欠,欠,欠,欠,欠,欠,
1821150,欠,欠,欠,欠,欠,欠,欠,36,0,37,0,28,13,2,41,149,51,29,111,19,1,0,0,0,27,45,0,98,97,0,0,103,4,4,21,0,0,0,0,0,0,0,21,0,0,0,123,0,0,0,0,0,6,93,87,111,106,167,125,26,5,0,欠,25,17,70,117,16,31,19,0,0,55,9,0,37,4,11,0,0,0,0,4,78,0,31,93,欠,欠,欠,欠,
1821152,0,0,0,0,0,0,0,0,0,0,0,0,0,0,0,0,0,0,0,0,0,0,0,0,0,0,0,0,0,0,0,0,0,0,0,0,0,0,0,0,0,0,0,0,0,0,0,0,0,0,0,0,0,0,0,0,0,0,0,0,0,0,0,0,0,0,0,0,0,0,0,0,0,0,0,0,0,8,0,0,0,0,0,0,0,0,0,0,0,欠,欠,
1821154,欠,欠,欠,欠,欠,欠,欠,27,0,33,0,40,0,0,97,34,1,42,39,0,0,2,0,0,27,81,0,0,0,116,146,125,0,0,37,7,29,0,0,0,0,0,0,110,26,0,0,0,0,6,0,0,106,150,80,108,37,5,0,8,37,33,21,41,20,18,38,0,26,1,2,0,44,0,34,9,0,0,0,0,0,0,55,2,0,77,74,38,0,欠,欠,
1821155,欠,欠,欠,欠,欠,10,8,17,9,23,0,20,13,0,109,5,2,58,9,0,4,0,0,0,73,0,0,77,64,0,78,0,1,14,38,0,2,6,13,0,4,0,0,0,83,1,2,23,1,14,0,0,99,94,113,98,56,0,16,2,34,67,15,88,0,55,2,0,0,1,0,0,40,70,38,23,20,0,0,0,0,11,40,59,43,115,101,18,欠,欠,欠,
1821158,欠,欠,欠,欠,欠,欠,欠,欠,35,88,0,0,66,0,103,108,0,76,72,49,0,0,0,0,97,87,0,30,149,129,101,127,71,8,72,45,0,1,0,0,0,0,0,0,0,9,113,0,9,4,0,0,欠,欠,欠,欠,欠,欠,欠,28,159,58,6,97,101,66,136,81,46,19,15,欠,1,69,41,0,0,0,0,0,0,0,0,12,53,22,101,145,欠,欠,欠,
1821159,欠,欠,欠,欠,37,0,29,0,64,14,9,22,0,0,133,26,1,88,0,0,1,0,0,1,105,5,0,114,20,0,欠,102,0,1,28,5,37,26,1,0,0,0,0,89,0,0,1,0,1,35,60,219,165,191,27,0,0,18,64,34,0,0,30,28,0,0,74,0,30,0,6,0,52,1,3,35,9,37,31,7,0,0,59,13,0,127,100,0,欠,欠,欠,
1821160,0,0,0,0,0,2,25,0,0,59,0,77,0,0,79,47,0,72,74,0,0,0,1,0,73,32,0,27,230,0,80,71,0,0,30,7,47,9,0,0,0,0,0,92,0,2,24,0,0,0,0,161,105,143,153,0,0,8,15,29,0,21,0,127,1,0,78,0,65,0,0,0,60,29,22,21,0,0,0,6,60,63,96,0,44,219,0,0,欠,欠,欠,
1821162,0,0,1,0,0,欠,0,37,1,59,6,41,0,0,86,46,0,0,63,21,0,0,0,0,30,81,0,0,129,89,1,7,22,10,9,66,110,108,13,0,0,20,0,76,33,1,17,0,2,2,3,1,5,51,126,178,126,28,0,0,26,104,30,25,87,0,84,0,63,0,2,0,66,0,0,36,68,41,0,2,0,7,78,0,0,96,143,0,0,欠,欠,
1821163,欠,欠,欠,欠,欠,8,0,37,36,2,36,8,0,0,95,0,0,3,欠,7,0,3,3,0,97,3,0,55,97,0,121,欠,11,0,26,0,4,0,6,0,0,3,22,0,85,0,5,0,0,0,0,17,31,116,133,179,130,26,0,0,0,0,0,0,107,55,96,20,0,0,0,0,69,36,51,0,1,0,0,0,3,54,111,109,73,185,欠,欠,欠,欠,欠,
1821166,欠,欠,欠,欠,欠,欠,欠,欠,0,0,欠,欠,5,0,0,欠,5,0,0,0,0,0,0,0,0,0,0,0,欠,4,0,0,0,0,欠,欠,欠,3,0,0,0,0,0,0,0,0,0,0,0,0,0,欠,0,0,22,16,0,0,0,0,0,0,0,0,0,0,0,0,0,0,0,0,0,0,0,0,0,0,0,0,0,0,0,0,0,欠,欠,欠,欠,欠,欠,
7699990,欠,欠,欠,0,14,1,2,5,2,3,4,欠,3,3,0,1,2,4,0,10,29,0,0,1,0,2,2,1,0,1,0,0,2,23,2,0,0,2,0,0,9,0,0,0,0,2,20,0,1,2,6,49,80,2,114,12,2,0,15,6,1,2,0,2,2,9,5,0,1,6,2,0,9,0,2,0,6,0,0,0,0,4,0,3,8,2,0,2,0,0,欠,
999998,欠,欠,欠,欠,欠,欠,欠,欠,欠,欠,欠,欠,欠,欠,欠,欠,欠,欠,欠,欠,欠,欠,欠,欠,欠,欠,欠,欠,欠,欠,欠,欠,欠,欠,欠,欠,欠,欠,欠,欠,欠,欠,欠,欠,欠,欠,欠,欠,欠,欠,欠,欠,欠,欠,欠,欠,欠,欠,欠,欠,欠,欠,欠,欠,欠,欠,欠,欠,欠,欠,欠,欠,欠,欠,欠,欠,欠,欠,欠,欠,欠,欠,欠,欠,欠,欠,欠,欠,欠,欠,欠,
