操作数
06:00,06:01,06:02,06:03,06:04,06:05,06:06,06:07,06:08,06:09,06:10,06:11,06:12,06:13,06:14,06:15,06:16,06:17,06:18,06:19,06:20,06:21,06:22,06:23,06:24,06:25,06:26,06:27,06:28,06:29,06:30,06:31,06:32,06:33,06:34,06:35,06:36,06:37,06:38,06:39,06:40,06:41,06:42,06:43,06:44,06:45,06:46,06:47,06:48,06:49,06:50,06:51,06:52,06:53,06:54,06:55,06:56,06:57,06:58,06:59,07:00,07:01,07:02,07:03,07:04,07:05,07:06,07:07,07:08,07:09,07:10,07:11,07:12,07:13,07:14,07:15,07:16,07:17,07:18,07:19,07:20,07:21,07:22,07:23,07:24,07:25,07:26,07:27,07:28,07:29,07:30,
1721027,欠,1,1,1,1,3,4,4,4,5,5,6,6,6,7,7,8,8,8,8,8,9,9,9,9,9,9,9,11,11,12,13,10,12,13,13,13,14,13,14,14,14,15,11,15,16,16,16,17,16,17,17,17,17,17,11,18,11,18,18,19,19,19,19,19,20,20,20,21,21,20,22,22,22,23,23,24,25,24,24,24,25,24,25,25,25,25,25,25,17,欠,
1821001,欠,欠,欠,1,1,3,3,3,4,5,5,6,6,6,7,7,7,8,8,8,8,9,9,9,10,10,10,11,11,11,12,12,12,12,13,13,13,13,14,14,14,14,14,15,15,15,15,16,17,12,14,17,17,17,17,17,17,17,17,18,18,19,19,19,19,19,20,20,20,21,20,20,22,22,22,22,24,19,24,24,25,25,24,25,25,25,25,25,25,欠,欠,
1821002,欠,欠,欠,欠,4,4,5,5,5,5,5,6,6,7,7,8,8,8,8,8,8,8,10,10,10,11,11,11,11,12,12,13,13,13,13,14,14,15,15,15,15,15,15,15,欠,17,17,17,17,17,17,17,17,17,17,17,17,17,18,19,19,19,19,20,20,20,20,21,22,22,22,22,23,23,24,24,22,23,24,24,24,24,24,24,25,25,25,25,欠,欠,欠,
1821004,欠,欠,欠,欠,欠,1,4,4,4,5,5,6,6,6,7,8,8,8,7,8,9,10,10,10,10,10,10,11,11,12,12,12,12,12,12,13,14,14,14,14,14,14,15,15,15,17,17,17,17,17,17,17,17,17,17,17,17,17,17,19,19,19,19,19,19,19,20,21,22,22,22,22,22,22,23,23,25,25,25,25,25,24,24,24,24,25,25,25,24,欠,欠,
1821005,欠,欠,欠,4,4,4,4,5,5,5,5,6,6,6,7,7,7,8,8,8,8,9,9,9,10,10,10,11,11,11,12,12,12,12,13,13,13,14,14,14,14,14,14,15,15,16,16,16,17,17,17,17,17,17,17,17,18,18,18,18,19,19,19,19,19,19,20,20,20,22,22,22,22,22,24,24,24,25,19,21,25,25,25,25,25,25,25,25,欠,欠,欠,
1821006,欠,8,1,欠,1,1,4,4,4,5,5,6,6,7,7,7,7,8,8,8,8,8,9,10,10,10,10,11,11,12,12,12,12,12,13,13,13,14,11,10,14,14,15,15,15,16,16,16,17,17,17,17,17,17,18,18,18,17,18,18,18,19,19,19,19,20,20,21,21,22,22,22,22,22,23,23,25,25,24,24,24,24,25,25,25,25,25,25,欠,18,欠,
1821007,欠,欠,欠,欠,欠,欠,欠,欠,欠,欠,欠,4,4,6,7,7,8,8,8,9,10,10,10,10,10,10,10,10,11,11,11,11,12,13,13,13,14,14,14,14,14,14,14,15,15,15,15,17,17,17,17,17,17,17,17,17,17,17,18,18,19,18,19,19,19,19,19,20,21,21,22,22,22,22,22,23,23,23,23,24,24,24,24,24,24,24,24,24,25,24,欠,
1821009,欠,欠,欠,4,4,4,4,4,4,5,5,6,6,6,7,7,7,8,8,8,9,9,9,10,10,10,10,11,11,11,12,12,12,12,13,13,13,14,10,14,14,14,14,15,15,17,17,16,15,17,17,17,17,17,18,17,18,18,19,19,19,19,19,19,19,20,20,20,20,22,22,22,22,22,23,23,24,21,24,20,25,25,24,24,25,25,23,12,12,12,欠,
1821012,4,4,4,4,4,4,4,4,5,6,6,7,7,7,7,8,8,8,8,8,8,10,10,10,10,11,11,11,11,12,13,13,13,13,14,12,14,14,14,14,15,15,15,16,16,17,17,17,17,17,17,17,17,17,17,17,18,19,19,19,19,19,19,20,20,20,21,21,22,22,22,22,23,欠,欠,欠,欠,欠,欠,欠,欠,欠,欠,欠,欠,欠,欠,欠,欠,欠,欠,
1821014,欠,欠,欠,欠,欠,欠,欠,5,4,5,5,5,6,7,7,7,7,8,8,8,9,9,9,10,10,10,10,11,11,11,12,12,12,12,12,13,13,13,13,14,11,15,15,15,15,15,16,16,16,17,17,17,17,17,17,17,17,17,18,18,18,19,19,19,19,19,20,20,21,21,21,21,18,22,23,23,23,24,24,18,25,25,24,24,25,25,25,25,25,欠,欠,
1821016,1,1,1,1,4,4,4,4,5,5,6,6,6,6,7,7,8,8,8,8,10,9,9,10,10,10,11,11,11,12,12,12,13,13,13,14,11,14,14,15,15,15,15,15,15,17,17,17,17,17,17,17,17,17,17,18,18,18,18,18,18,18,19,19,19,20,20,20,22,22,22,22,22,22,24,25,25,24,24,24,24,24,24,25,25,25,25,25,24,欠,欠,
1821020,3,3,3,欠,4,欠,4,4,4,5,5,6,7,7,7,7,8,8,8,8,8,9,9,9,10,10,10,11,11,11,12,13,12,12,13,13,13,14,14,14,12,15,15,15,15,16,16,17,17,17,17,17,17,17,17,17,17,14,11,18,18,19,19,19,19,20,20,20,21,21,20,20,22,20,23,23,24,24,24,25,25,25,24,25,24,25,25,25,25,25,欠,
1821021,欠,8,10,13,13,4,5,5,欠,7,7,7,7,7,8,8,8,8,9,10,10,10,9,11,10,10,11,11,12,12,13,13,13,13,13,13,13,14,14,14,14,14,15,15,15,15,17,17,17,17,17,17,17,17,17,17,17,17,17,17,17,17,17,17,17,17,17,17,17,17,17,17,17,23,24,24,24,24,24,24,19,19,19,20,22,25,25,15,欠,欠,欠,
1821026,1,1,1,2,4,4,4,4,4,5,5,6,6,6,7,7,7,8,9,9,9,9,9,10,10,10,10,11,11,6,12,12,12,12,13,13,13,14,14,14,14,14,14,14,15,16,16,16,17,17,17,17,5,17,17,18,18,18,18,18,19,19,19,19,20,20,20,21,25,24,24,欠,22,22,24,24,24,24,25,25,25,25,25,25,25,25,25,欠,25,欠,欠,
1821028,欠,欠,2,2,2,3,3,3,4,6,6,6,6,7,8,8,8,8,欠,欠,8,9,9,9,10,10,10,11,11,11,12,12,13,13,13,14,14,14,14,14,14,14,14,14,14,14,14,14,14,14,1,1,1,1,17,欠,18,18,18,19,19,19,19,19,19,19,19,19,19,19,19,19,19,19,20,22,20,24,24,24,24,24,20,22,25,22,21,21,欠,欠,欠,
1821029,1,4,4,4,4,4,5,5,5,6,6,7,7,7,7,8,8,8,8,10,10,10,10,10,11,11,11,11,12,12,13,13,13,13,14,14,15,15,15,15,15,15,15,16,17,17,17,17,17,17,17,17,17,17,18,18,18,18,19,19,19,19,19,20,20,20,21,21,22,22,22,22,23,23,24,24,24,24,24,24,25,24,24,25,25,25,25,25,25,25,欠,
1821032,欠,欠,欠,欠,欠,欠,1,1,4,4,4,6,7,7,7,8,8,8,8,11,11,11,11,11,11,11,10,11,12,12,12,14,14,14,14,14,14,14,14,14,14,15,15,欠,17,19,16,16,16,16,16,17,17,17,17,17,19,19,19,19,19,19,19,19,19,20,20,20,20,21,22,22,22,25,23,24,24,15,8,24,24,9,24,25,25,25,25,欠,欠,欠,欠,
1821033,1,1,4,4,5,4,4,4,5,7,5,6,6,6,7,7,7,8,8,8,8,9,9,10,10,10,10,11,11,12,12,12,12,12,13,13,13,10,14,14,14,14,15,15,15,16,16,16,17,17,17,17,17,17,19,18,18,11,18,18,19,19,19,19,19,20,20,20,21,22,25,22,23,23,23,25,24,16,19,24,24,24,24,25,25,25,25,欠,欠,欠,欠,
1821034,3,3,3,3,3,5,5,4,6,6,6,6,6,7,8,8,8,9,9,9,9,9,9,10,11,11,11,11,11,11,12,12,12,13,13,13,13,12,13,14,14,14,15,15,16,16,16,17,17,17,欠,17,17,17,17,17,17,17,17,18,18,18,18,19,19,19,20,20,21,21,21,22,22,22,23,23,23,20,24,24,24,25,24,25,25,25,25,25,20,10,欠,
1821035,4,4,4,4,4,4,5,5,5,5,6,7,7,7,7,8,8,8,9,9,9,9,10,10,11,11,11,11,11,12,13,13,13,13,13,14,14,15,15,15,15,15,15,17,17,17,17,17,17,17,17,17,17,17,17,17,18,19,19,19,19,19,19,19,20,20,21,21,22,22,22,22,23,23,23,24,14,16,25,25,24,24,24,25,25,25,25,25,欠,欠,欠,
1821039,1,1,1,1,1,欠,5,5,5,5,5,7,7,7,8,8,8,8,8,8,8,8,10,10,10,11,11,11,11,12,13,13,13,13,14,14,14,14,14,14,15,15,15,15,15,16,17,17,17,17,17,17,17,17,18,18,18,18,18,18,18,19,19,19,19,20,20,20,22,22,22,22,22,22,24,24,24,25,24,24,24,24,24,25,25,25,25,25,25,25,欠,
1821040,4,4,4,4,4,4,5,5,5,6,6,7,7,7,8,8,8,9,10,10,10,10,10,10,11,11,11,11,11,12,13,13,13,13,14,14,14,15,15,15,15,15,15,17,17,17,17,17,17,17,17,18,17,17,18,18,18,18,19,19,19,19,19,20,20,20,20,22,22,22,22,22,23,23,24,24,24,24,24,24,24,24,24,25,25,欠,欠,欠,欠,欠,欠,
1821045,欠,欠,欠,欠,2,4,4,4,5,5,6,6,6,6,7,7,8,8,8,8,8,8,9,9,10,10,11,11,11,12,12,12,12,12,12,11,11,12,12,12,12,14,14,15,10,16,16,16,17,17,16,17,17,17,17,17,18,18,18,18,19,19,19,19,19,20,20,21,21,20,20,22,22,22,23,23,22,24,24,17,25,25,24,24,25,23,25,24,17,11,欠,
1821054,4,4,4,4,4,3,3,4,5,5,5,6,6,6,7,8,8,8,8,8,9,10,10,11,10,10,10,11,11,12,12,12,12,12,13,13,13,14,14,14,14,14,15,15,15,16,16,16,17,17,17,17,17,17,17,17,17,17,18,18,19,19,19,19,20,20,20,21,21,22,22,22,22,22,23,23,25,25,24,24,24,24,24,24,25,25,欠,欠,欠,欠,欠,
1821055,2,2,2,2,2,2,5,5,5,5,5,5,7,7,7,8,8,8,8,8,8,8,8,8,10,11,11,11,11,12,12,13,13,13,13,13,13,13,13,13,13,13,13,15,17,17,17,17,17,17,17,17,17,17,17,17,17,17,17,17,19,19,19,19,19,19,20,21,22,20,22,22,22,23,24,24,24,8,2,24,24,24,24,17,25,25,25,25,25,欠,欠,
1821058,4,5,5,5,5,4,5,5,5,6,6,7,7,7,8,8,8,10,10,10,10,10,10,10,11,11,11,11,12,12,13,13,13,13,14,15,15,15,15,15,15,15,15,17,17,17,17,17,17,17,17,17,17,17,19,19,19,19,19,19,19,19,20,20,20,21,21,21,22,22,22,23,23,23,24,24,24,24,24,24,24,24,25,25,25,25,25,25,25,25,欠,
1821063,欠,欠,欠,欠,欠,5,4,3,4,4,6,6,6,6,7,8,8,8,10,10,10,10,10,10,11,11,11,11,12,12,13,13,13,13,14,13,13,13,13,13,15,15,15,17,17,17,17,17,17,17,17,17,17,17,18,18,18,18,欠,19,19,19,19,19,19,20,21,21,21,21,21,22,22,22,24,24,24,24,24,24,25,24,24,25,25,25,25,25,欠,欠,欠,
1821066,欠,欠,欠,欠,欠,欠,欠,欠,欠,欠,欠,欠,欠,欠,欠,欠,欠,欠,欠,欠,欠,欠,欠,欠,欠,欠,欠,欠,欠,欠,欠,欠,欠,欠,欠,欠,欠,欠,欠,欠,欠,欠,欠,欠,欠,欠,欠,欠,欠,欠,欠,欠,欠,欠,欠,欠,欠,欠,欠,欠,欠,欠,欠,欠,欠,欠,欠,欠,欠,欠,欠,欠,欠,欠,欠,欠,欠,欠,欠,欠,欠,欠,欠,欠,欠,欠,欠,欠,欠,欠,欠,
1821068,欠,欠,欠,1,3,3,4,4,5,5,6,6,6,7,7,7,8,8,8,8,9,9,9,10,10,10,10,11,11,12,12,12,12,12,13,13,13,14,12,14,14,14,15,15,15,16,16,16,12,17,17,17,17,17,17,17,17,17,18,18,19,19,19,19,19,20,20,21,21,22,22,22,22,22,23,23,24,19,23,24,25,22,24,24,25,25,25,25,欠,欠,欠,
1821071,1,2,3,3,3,4,4,4,4,5,6,6,6,7,7,7,7,欠,8,8,9,9,9,10,10,10,10,11,11,11,12,12,12,12,13,13,13,14,14,14,14,14,15,15,15,16,16,16,17,17,17,17,17,17,18,18,18,18,18,18,18,18,18,19,19,20,20,20,20,22,22,20,20,22,23,23,24,24,24,24,24,24,24,24,24,25,25,25,欠,欠,欠,
1821072,4,5,5,5,5,5,5,5,7,7,8,7,7,7,8,8,欠,欠,8,8,8,10,9,10,11,11,11,11,12,12,13,13,13,13,15,15,15,15,10,15,15,15,15,11,17,17,17,17,17,17,17,17,17,17,19,19,19,19,19,19,19,19,20,20,20,20,21,21,22,22,22,22,22,23,24,25,24,24,24,25,22,25,25,25,25,25,25,25,欠,欠,欠,
1821073,欠,欠,3,3,3,4,4,5,5,5,6,7,7,7,7,7,7,8,8,8,8,10,10,10,10,10,10,11,11,11,12,13,13,13,13,13,13,14,14,14,14,14,15,15,17,17,17,17,17,18,17,17,17,17,17,18,18,18,18,18,18,19,19,19,20,20,20,20,21,21,22,22,22,23,23,23,欠,欠,23,25,24,24,24,24,24,24,24,24,欠,欠,欠,
1821074,欠,欠,欠,欠,欠,欠,4,4,5,5,5,欠,1,6,欠,8,欠,欠,8,8,10,10,10,10,10,11,11,11,11,12,12,13,13,13,13,13,13,13,13,13,13,欠,欠,欠,15,17,17,17,17,17,17,17,17,17,17,18,18,18,18,18,19,19,19,19,19,20,21,21,22,22,22,22,23,23,23,24,24,24,24,24,24,24,24,24,24,25,25,25,24,25,欠,
1821075,欠,欠,欠,欠,欠,欠,5,5,5,5,6,6,欠,7,7,8,8,8,8,8,8,10,10,10,10,10,11,11,11,11,12,13,13,13,13,13,13,14,14,14,14,14,14,15,17,17,17,17,17,17,17,17,17,17,17,17,17,17,20,19,19,19,19,19,19,20,20,20,20,21,21,21,21,23,24,24,24,24,24,24,24,24,25,25,25,25,25,25,欠,欠,欠,
1821076,4,4,4,4,4,4,4,4,4,6,6,6,6,6,7,7,8,8,8,9,9,9,9,9,11,11,11,11,11,11,12,12,12,13,13,13,13,14,14,14,14,15,15,15,15,16,16,16,14,17,17,17,17,17,17,17,17,17,17,18,18,18,19,19,19,20,20,21,21,22,22,22,22,22,24,24,24,24,24,24,24,24,25,25,25,25,25,25,欠,欠,欠,
1821077,欠,欠,欠,欠,欠,3,4,4,4,5,5,6,6,6,7,7,7,7,8,8,8,8,9,9,9,10,10,11,11,11,12,12,12,13,13,14,13,13,10,14,14,15,15,15,15,15,16,16,17,17,17,17,欠,17,17,17,17,欠,欠,欠,欠,欠,欠,欠,欠,欠,欠,欠,欠,欠,欠,欠,欠,欠,欠,欠,欠,欠,欠,欠,欠,欠,欠,欠,欠,欠,欠,欠,欠,欠,欠,
1821078,欠,欠,欠,欠,欠,欠,欠,欠,欠,欠,欠,欠,欠,欠,4,欠,7,8,9,9,9,9,9,10,5,欠,欠,11,11,12,12,12,12,12,13,13,13,13,13,13,13,13,欠,13,13,15,17,17,17,17,17,17,17,17,17,18,18,18,欠,18,18,18,18,19,20,20,20,20,20,20,20,20,22,23,23,24,24,24,24,24,24,24,24,24,24,24,24,24,24,24,欠,
1821079,11,11,13,5,6,5,5,5,5,5,7,7,7,7,7,7,7,8,11,13,15,15,6,10,11,12,11,15,22,12,24,19,13,13,17,17,17,17,17,17,17,17,17,15,15,16,16,16,17,17,17,17,17,17,17,19,19,19,19,19,19,19,19,20,20,20,19,19,19,19,19,22,23,23,24,24,24,24,24,24,24,24,24,24,25,25,21,24,24,24,欠,
1821080,欠,欠,欠,欠,欠,4,4,4,4,4,4,4,4,4,4,4,4,4,4,4,4,4,欠,欠,欠,欠,欠,欠,欠,欠,欠,欠,欠,欠,4,4,4,4,4,4,4,4,4,4,4,4,4,4,4,4,欠,欠,欠,欠,欠,欠,欠,欠,欠,欠,欠,欠,欠,欠,欠,欠,欠,欠,欠,欠,欠,欠,欠,欠,欠,欠,欠,欠,欠,欠,欠,欠,欠,欠,欠,欠,欠,欠,欠,4,欠,
1821081,欠,欠,欠,欠,欠,欠,欠,4,5,5,5,7,7,7,7,8,8,8,8,8,10,10,10,10,10,11,11,11,11,11,12,11,13,13,欠,15,15,15,15,15,15,15,15,15,16,17,17,17,17,17,17,17,17,17,17,17,17,18,19,19,19,19,19,19,20,20,20,20,20,20,20,20,22,22,24,15,15,24,24,24,24,24,24,24,24,24,24,欠,欠,欠,欠,
1821084,欠,欠,欠,欠,4,4,5,5,5,6,6,6,6,6,7,7,7,8,9,10,10,10,10,10,10,11,11,11,13,13,12,13,13,13,13,13,13,13,13,14,15,13,15,15,15,16,16,16,17,17,17,17,17,17,17,17,17,18,18,18,19,19,19,19,19,20,20,21,21,21,21,22,23,23,24,24,24,24,24,24,24,24,24,24,24,25,25,25,25,24,欠,
1821085,2,2,2,2,3,4,4,4,5,5,5,6,6,6,7,7,8,8,8,8,8,9,9,9,10,10,11,11,11,12,12,12,13,13,13,13,13,14,14,14,14,14,15,15,15,15,15,15,15,15,15,17,17,17,17,18,18,18,18,18,18,18,19,19,19,19,20,20,21,22,22,22,22,23,23,23,24,24,25,25,25,25,25,24,25,25,25,25,欠,13,欠,
1821086,欠,欠,欠,欠,欠,欠,欠,欠,欠,欠,欠,欠,欠,欠,欠,欠,欠,欠,欠,欠,欠,欠,欠,欠,欠,欠,欠,欠,欠,欠,欠,欠,欠,欠,欠,欠,欠,欠,欠,欠,欠,欠,欠,欠,欠,欠,欠,欠,欠,欠,欠,欠,欠,欠,欠,欠,欠,欠,欠,欠,欠,欠,欠,欠,欠,欠,欠,欠,欠,欠,欠,欠,欠,欠,欠,欠,欠,欠,欠,欠,欠,欠,欠,欠,欠,欠,欠,欠,欠,欠,欠,
1821087,4,4,4,4,4,4,4,4,5,5,6,6,6,7,7,7,8,8,8,8,9,9,9,10,10,10,11,11,11,12,12,12,12,13,13,13,13,14,14,14,14,14,15,15,16,16,16,17,17,17,17,17,17,17,17,17,17,17,18,18,19,19,19,19,19,20,20,21,21,20,20,22,22,23,23,24,23,24,24,24,25,25,24,24,25,16,22,欠,欠,欠,欠,
1821088,5,7,8,8,8,10,11,11,12,13,15,15,19,19,20,21,22,23,14,8,9,9,9,9,10,10,10,11,11,11,12,12,12,12,12,13,13,14,14,14,14,14,15,15,15,15,15,16,17,17,17,17,17,17,17,24,24,25,21,18,19,19,19,19,19,20,20,20,21,22,20,22,22,22,23,23,24,25,25,25,25,25,25,25,25,25,25,25,欠,欠,欠,
1821090,欠,欠,欠,欠,欠,1,1,1,4,5,5,6,6,7,7,7,7,8,8,8,8,9,9,10,10,10,10,11,11,12,12,12,12,12,12,13,13,14,14,14,14,14,15,15,16,16,16,16,17,欠,17,17,17,17,17,17,17,11,19,19,18,19,19,19,19,19,20,22,21,21,20,22,22,22,23,24,20,25,25,24,24,24,24,24,25,25,25,25,欠,欠,欠,
1821093,4,4,4,4,4,4,4,5,5,5,5,5,6,6,7,7,7,8,8,8,8,9,9,9,10,10,10,11,11,11,12,12,12,12,14,14,14,14,14,14,14,14,15,15,15,16,16,17,17,17,17,17,17,17,17,17,17,18,18,18,19,19,19,19,19,20,20,20,20,20,20,20,20,21,22,24,24,23,24,25,24,24,24,24,25,25,欠,欠,25,欠,欠,
1821096,1,1,1,1,4,4,4,5,5,5,5,6,7,7,7,7,8,8,8,8,8,10,10,10,10,11,11,11,11,12,12,12,12,13,14,14,14,14,14,14,14,14,15,15,16,17,16,16,17,17,17,17,17,17,17,17,18,18,18,18,19,19,19,19,19,20,20,21,21,22,22,23,22,22,23,24,24,25,25,25,24,24,24,24,25,25,25,25,欠,欠,欠,
1821097,欠,欠,欠,欠,欠,3,4,4,5,5,5,欠,6,6,7,7,7,8,8,8,8,9,9,9,10,10,10,10,11,11,12,10,10,11,11,11,10,14,12,11,欠,8,13,15,11,17,11,11,11,17,17,17,17,17,17,17,17,11,18,18,18,17,18,19,19,19,20,20,20,22,22,22,22,22,23,23,24,24,24,24,25,25,25,25,25,25,25,欠,欠,欠,欠,
1821098,欠,欠,欠,欠,欠,欠,欠,欠,欠,4,5,6,6,6,7,7,7,8,8,8,8,8,9,9,10,10,10,10,11,11,11,12,12,12,12,12,14,14,15,15,15,15,15,15,15,16,16,16,17,17,17,17,17,17,17,17,17,17,17,17,17,19,19,19,19,19,20,20,22,21,20,22,22,22,22,23,24,25,24,24,24,24,24,25,25,25,25,25,欠,欠,欠,
1821099,5,5,5,5,5,欠,6,欠,7,7,7,欠,7,8,8,8,8,8,8,8,10,10,10,10,10,11,11,11,11,12,12,12,12,13,13,13,13,13,14,欠,15,15,15,16,17,17,17,欠,17,17,17,18,19,19,19,19,19,19,19,20,20,19,21,22,欠,14,23,24,25,25,25,23,欠,欠,欠,欠,欠,欠,欠,欠,欠,欠,欠,欠,欠,欠,欠,欠,欠,欠,欠,
1821101,欠,欠,欠,欠,欠,欠,欠,欠,欠,欠,欠,欠,欠,欠,欠,欠,4,5,6,6,6,6,6,6,6,6,6,11,11,11,11,11,11,11,12,12,12,12,6,6,6,6,6,15,15,15,15,15,6,7,7,7,7,欠,7,7,7,7,7,7,7,7,7,7,7,7,7,7,7,7,7,7,7,7,7,7,24,24,24,25,25,25,25,25,25,25,25,25,25,25,欠,
1821102,4,4,4,4,4,4,5,5,5,6,6,7,7,7,7,7,7,8,8,8,8,8,9,9,10,10,10,11,11,11,12,12,12,12,13,13,14,14,14,12,14,14,15,12,15,16,16,16,17,17,17,17,17,17,17,17,17,18,18,18,18,19,19,19,19,20,21,21,21,21,20,20,22,22,23,23,24,19,24,25,25,24,25,25,4,25,25,25,欠,欠,欠,
1821104,欠,欠,欠,欠,欠,4,4,4,5,5,6,6,6,7,7,7,8,8,8,8,8,8,9,9,10,10,11,11,11,12,12,12,12,12,12,13,13,13,13,13,14,14,15,15,15,15,15,16,16,16,17,17,17,17,17,17,17,17,19,19,19,19,19,20,20,20,20,20,21,21,21,23,23,23,23,23,23,23,23,23,24,24,24,25,25,25,25,欠,欠,欠,欠,
1821105,2,3,3,3,3,4,4,4,4,4,4,5,6,5,7,7,7,8,8,9,9,9,9,10,10,10,11,11,12,12,12,13,13,13,13,13,14,14,14,13,11,14,14,14,15,16,16,16,17,17,17,17,17,17,17,17,17,17,17,18,19,19,19,19,19,20,21,21,21,21,21,21,22,22,23,23,24,欠,24,24,24,25,24,25,25,25,25,25,欠,欠,欠,
1821106,欠,欠,欠,欠,欠,欠,欠,欠,欠,欠,欠,4,7,7,7,7,7,8,10,10,10,10,10,10,10,11,11,11,12,12,12,13,13,13,13,13,13,欠,15,15,15,15,15,欠,欠,1,17,17,17,17,17,17,17,17,17,17,19,19,19,19,19,19,19,20,20,20,21,21,22,22,22,22,22,23,24,24,24,24,24,24,24,25,24,25,25,25,欠,欠,欠,欠,欠,
1821107,欠,欠,欠,欠,欠,欠,欠,4,5,5,6,6,6,7,7,7,欠,欠,8,8,8,8,9,9,10,10,10,11,11,12,12,12,12,12,12,13,13,14,12,14,14,14,14,15,15,16,16,16,17,欠,17,17,17,17,17,17,17,17,19,18,19,19,19,19,19,20,20,21,21,21,21,21,22,22,23,23,24,24,24,19,20,20,24,24,25,25,25,25,欠,欠,欠,
1821108,1,1,1,1,1,5,5,5,5,5,6,6,6,13,7,7,8,8,8,8,8,10,10,11,11,12,13,14,14,14,15,17,17,12,12,13,13,14,14,14,14,14,14,15,15,15,15,16,17,17,17,17,17,17,18,18,18,18,19,18,18,18,18,19,19,25,20,21,22,23,24,25,25,22,22,22,24,24,24,24,24,24,24,24,24,24,24,24,25,欠,欠,
1821111,欠,欠,欠,欠,欠,欠,5,6,8,6,7,6,6,6,7,8,8,8,10,10,10,10,10,10,10,11,11,11,12,12,13,13,13,13,13,13,13,14,13,15,15,15,15,17,15,15,15,15,15,17,17,17,17,17,欠,17,18,18,18,18,18,19,19,20,20,20,21,21,21,23,23,25,25,22,24,24,24,24,24,24,24,24,24,24,24,24,25,25,25,欠,欠,
1821119,4,4,4,4,4,4,5,5,5,5,5,5,5,7,8,8,8,9,9,9,9,10,10,10,10,10,10,11,10,12,13,13,13,13,13,13,13,14,14,14,14,14,15,15,15,15,15,17,17,17,17,17,17,17,18,18,18,18,18,19,19,19,20,19,19,19,20,20,20,20,20,21,23,23,23,23,24,24,24,24,25,24,25,25,25,25,25,25,欠,欠,欠,
1821120,3,3,1,1,2,4,4,4,4,5,6,6,6,6,7,7,7,8,8,8,8,10,9,10,10,10,10,11,11,12,12,12,12,12,13,13,13,14,14,14,14,14,15,15,16,16,16,16,17,16,17,17,17,17,17,17,17,17,17,18,19,19,19,19,19,20,20,20,20,22,20,22,22,22,23,23,24,24,24,24,24,24,24,15,25,25,25,25,欠,欠,欠,
1821121,1,1,1,1,2,4,4,4,4,5,5,6,6,6,7,7,7,8,8,8,8,9,9,9,10,10,10,10,10,11,12,12,12,13,11,13,14,11,11,11,9,16,15,15,15,16,16,16,17,11,17,17,17,17,17,17,17,11,18,18,18,19,19,19,19,20,20,20,21,欠,20,22,22,22,23,23,25,20,22,25,25,25,24,24,25,欠,23,欠,欠,欠,欠,
1821122,欠,欠,欠,欠,欠,欠,欠,欠,欠,欠,欠,5,6,7,7,7,8,8,8,8,8,8,8,8,10,11,11,11,11,12,12,13,13,13,13,13,13,13,13,13,13,13,13,13,13,14,15,17,17,17,17,17,17,17,18,18,18,18,18,18,18,18,18,19,20,20,20,20,21,21,21,21,22,23,24,24,24,24,24,24,24,24,24,25,25,25,25,25,25,欠,欠,
1821123,1,1,1,1,1,4,4,5,5,5,5,7,7,7,7,8,8,8,8,8,8,8,10,10,10,11,11,11,11,12,12,13,13,13,13,13,13,14,14,14,14,14,14,15,15,15,15,17,17,17,17,17,17,17,17,17,17,17,18,18,19,19,19,19,19,19,19,19,20,22,22,22,22,22,23,24,24,24,25,25,25,25,24,25,25,25,欠,25,25,10,欠,
1821127,1,1,1,1,1,1,4,5,5,5,7,7,7,7,7,8,8,8,10,10,10,10,10,10,10,10,11,11,11,12,12,13,13,13,13,13,13,13,14,14,15,15,15,15,16,16,16,16,16,17,17,17,17,17,17,17,17,17,17,19,18,19,19,19,20,20,21,21,22,22,22,22,22,23,23,24,24,25,25,25,25,25,25,25,25,25,25,25,欠,欠,欠,
1821130,欠,欠,欠,欠,2,3,4,4,5,5,6,6,6,7,7,7,7,8,8,8,8,9,9,10,10,10,10,11,11,12,12,12,12,12,13,13,13,14,14,14,14,14,14,14,14,14,16,16,17,17,17,17,17,17,17,17,17,18,19,18,18,18,18,19,19,20,20,20,21,22,22,22,22,23,23,23,24,24,24,24,25,24,25,25,25,25,欠,欠,欠,欠,欠,
1821131,5,5,5,5,5,5,5,5,5,6,6,7,7,7,7,8,8,10,10,10,10,10,10,10,11,11,11,11,12,12,12,13,13,13,13,13,14,14,14,14,14,14,14,15,17,17,17,17,17,17,17,17,17,17,17,17,18,18,19,19,19,19,20,20,20,20,21,21,22,22,22,22,23,23,23,24,24,24,24,24,24,24,24,25,25,25,25,25,欠,欠,欠,
1821132,4,4,4,4,4,4,5,4,5,6,欠,欠,欠,欠,欠,欠,欠,欠,欠,欠,欠,欠,欠,欠,欠,欠,欠,欠,欠,欠,欠,欠,欠,欠,欠,欠,13,14,12,14,15,15,13,17,15,16,17,17,17,17,17,17,17,17,17,18,18,18,欠,19,19,17,11,19,20,20,21,21,22,22,22,22,22,23,24,24,24,24,24,24,24,24,24,25,25,25,18,欠,欠,欠,欠,
1821133,4,4,4,4,4,4,4,4,4,6,6,7,7,7,7,8,8,8,8,10,10,10,10,10,10,12,11,11,12,12,12,13,13,13,14,14,14,14,14,14,14,15,15,17,17,12,17,17,17,17,17,17,17,17,17,17,19,7,19,19,19,19,19,19,20,20,21,21,21,22,22,22,23,23,23,24,24,24,24,24,24,24,24,25,25,25,25,欠,欠,欠,欠,
1821134,欠,1,1,1,1,2,3,5,4,5,6,6,6,6,7,7,8,8,8,8,8,10,9,9,10,10,11,11,11,12,12,12,12,12,13,14,14,14,14,14,14,15,15,15,15,16,16,16,17,17,17,17,17,17,17,17,18,18,18,18,19,19,19,19,19,20,20,21,21,21,22,22,23,22,24,24,19,25,24,24,24,24,24,25,25,25,25,25,23,欠,欠,
1821136,欠,欠,4,4,4,4,5,5,5,5,5,6,7,7,7,7,8,8,9,10,10,10,10,10,10,11,11,11,11,12,12,11,13,13,13,14,15,15,15,15,15,15,15,15,17,17,17,17,17,17,17,17,17,17,17,17,17,17,18,19,19,19,19,19,20,20,20,21,22,22,22,22,22,23,23,24,24,24,24,24,24,24,24,25,25,25,25,25,欠,欠,欠,
1821137,1,1,1,1,1,1,1,1,1,1,1,1,1,1,1,1,1,8,8,8,8,3,6,8,10,10,11,12,12,12,13,13,13,13,14,14,14,14,14,14,14,14,14,15,17,17,17,17,17,17,17,17,17,17,17,18,18,18,18,18,19,19,19,19,19,20,19,21,22,22,22,22,23,23,24,24,24,24,24,24,24,24,24,24,25,25,21,24,25,25,欠,
1821138,欠,欠,欠,欠,欠,欠,欠,欠,5,5,5,6,7,7,7,7,8,10,10,10,10,11,11,11,11,11,11,11,11,11,11,11,12,12,14,15,15,15,15,15,15,15,15,17,17,17,17,17,17,17,17,17,17,17,17,17,17,19,21,22,22,22,22,24,25,25,25,25,25,25,25,25,25,25,25,25,25,25,25,25,25,25,25,欠,欠,欠,欠,欠,欠,欠,欠,
1821139,欠,欠,欠,欠,欠,欠,欠,4,5,5,5,7,6,6,7,7,7,8,8,8,8,9,9,9,10,10,10,11,11,12,12,13,12,12,12,13,13,14,14,14,14,14,15,15,16,16,16,16,17,17,17,17,17,17,17,18,19,19,19,19,19,19,19,19,19,19,20,20,20,21,21,21,22,22,22,23,24,24,25,25,25,19,19,19,19,25,19,20,25,欠,欠,
1821140,欠,欠,欠,欠,欠,5,7,7,8,8,8,10,11,11,11,11,11,11,11,12,12,12,12,12,12,14,15,15,16,16,17,17,17,17,17,17,9,17,17,17,19,19,19,19,19,19,20,20,21,21,22,17,17,24,24,24,25,25,18,18,18,18,18,19,19,19,19,21,21,22,22,22,22,22,22,23,23,24,24,24,25,25,25,25,25,25,25,欠,欠,欠,欠,
1821141,3,3,4,4,4,4,4,5,5,5,5,6,7,7,7,8,欠,欠,8,欠,10,10,10,10,11,11,11,欠,11,12,13,8,13,13,13,13,13,11,18,18,18,18,18,15,15,15,15,15,15,15,17,17,17,17,17,17,17,欠,18,19,19,19,19,19,欠,20,21,21,22,22,22,22,23,23,23,24,24,19,19,19,20,24,25,25,25,25,欠,欠,欠,欠,欠,
1821142,欠,欠,欠,欠,欠,4,4,4,4,5,5,6,6,6,7,7,7,8,8,8,8,8,8,10,10,10,11,11,11,12,12,12,13,12,12,13,14,12,14,14,14,14,14,15,16,16,16,16,17,17,17,17,17,17,17,18,18,18,18,18,19,19,19,19,19,20,20,20,22,22,22,22,22,22,23,23,24,24,24,24,24,24,25,24,25,25,25,25,25,9,欠,
1821145,欠,欠,欠,欠,欠,欠,欠,4,4,6,6,6,6,6,7,8,8,8,9,9,9,9,9,10,10,10,10,11,11,10,12,10,13,13,13,13,13,13,14,14,14,14,14,15,16,16,16,16,16,16,16,17,17,17,17,17,17,17,17,17,19,19,19,19,20,20,20,20,20,21,21,21,22,22,22,24,24,24,24,24,24,24,24,25,25,25,25,25,欠,欠,欠,
1821147,欠,欠,欠,2,2,2,4,5,5,6,6,7,7,7,7,12,7,8,9,7,7,10,10,10,10,10,10,欠,11,11,12,13,14,14,13,13,12,12,14,15,15,15,15,15,15,17,17,17,17,17,17,17,17,17,17,17,17,17,17,18,18,19,20,20,20,20,20,21,22,22,22,22,23,23,23,24,24,24,24,24,24,24,25,25,25,25,欠,欠,24,12,欠,
1821148,2,2,3,3,3,3,3,4,4,5,6,6,6,6,欠,欠,8,8,8,8,8,9,9,10,10,10,10,11,11,欠,欠,12,12,12,欠,13,13,14,14,14,15,15,15,15,欠,欠,欠,欠,欠,欠,欠,欠,欠,欠,欠,欠,欠,欠,欠,欠,欠,欠,欠,欠,欠,欠,欠,欠,欠,欠,欠,欠,欠,欠,欠,欠,欠,欠,欠,欠,欠,欠,欠,欠,欠,欠,欠,欠,欠,欠,欠,
1821150,欠,欠,欠,欠,欠,欠,欠,5,5,6,6,6,7,7,7,7,8,8,8,10,10,10,10,10,10,10,10,11,12,12,12,13,13,13,14,14,14,14,14,14,14,14,15,15,15,15,17,17,17,17,17,17,17,17,17,17,17,17,18,20,18,18,欠,17,19,19,19,21,21,22,22,22,23,23,23,23,24,24,24,24,24,24,24,25,25,25,25,欠,欠,欠,欠,
1821152,1,1,1,1,1,1,1,1,1,1,1,1,1,1,1,1,1,1,1,1,1,1,1,1,1,1,1,1,1,1,1,1,1,1,1,1,1,1,1,1,1,1,1,1,1,1,1,1,1,1,1,1,1,1,1,1,1,1,1,1,1,1,1,1,1,1,1,1,1,1,1,1,1,1,1,1,1,8,8,8,8,8,8,8,8,8,8,8,8,欠,欠,
1821154,欠,欠,欠,欠,欠,欠,欠,4,4,5,5,6,6,6,7,7,8,8,8,8,8,10,10,10,10,11,11,11,11,11,12,13,13,13,13,13,14,14,14,14,14,14,14,15,15,15,15,15,15,17,17,17,17,17,17,17,17,18,18,18,19,19,19,19,20,20,21,21,21,22,22,22,23,23,24,24,24,24,24,24,24,24,24,25,25,25,25,25,25,欠,欠,
1821155,欠,欠,欠,欠,欠,4,4,5,5,5,5,6,7,7,8,7,8,8,8,8,10,10,10,10,11,11,11,11,12,12,12,12,13,25,14,14,14,14,14,14,15,15,15,15,16,15,17,16,17,17,17,17,17,17,17,17,17,17,18,18,19,19,19,19,19,20,20,20,20,21,21,21,21,23,24,25,24,24,24,24,24,25,24,25,25,25,25,19,欠,欠,欠,
1821158,欠,欠,欠,欠,欠,欠,欠,欠,5,6,6,6,7,7,7,8,8,8,8,10,10,10,10,10,10,11,11,11,11,11,12,12,9,13,13,14,14,15,15,15,15,15,15,15,15,15,17,17,17,17,17,17,欠,欠,欠,欠,欠,欠,欠,17,17,17,17,19,19,19,20,19,22,24,21,欠,22,23,24,24,24,24,24,24,24,24,24,18,24,13,25,25,欠,欠,欠,
1821159,欠,欠,欠,欠,4,4,4,4,5,5,6,6,6,6,7,7,8,8,8,8,9,9,9,10,10,10,10,11,11,11,欠,12,12,13,13,14,10,13,14,14,14,14,14,15,15,15,16,16,17,12,17,17,17,17,17,17,17,19,19,18,18,18,19,19,19,19,20,20,21,21,21,21,22,23,23,23,25,25,22,24,24,24,23,25,25,25,25,25,欠,欠,欠,
1821160,4,4,4,4,4,4,4,4,4,5,5,6,6,6,7,7,7,8,8,8,8,8,9,9,10,10,10,11,11,11,12,12,12,12,13,14,14,15,15,15,15,15,15,15,15,17,17,17,17,17,17,17,17,17,17,17,17,25,18,18,18,19,19,19,20,20,20,20,21,21,21,21,22,22,23,23,23,23,23,21,25,23,25,25,25,25,25,25,欠,欠,欠,
1821162,3,3,3,3,3,欠,4,4,5,5,6,7,7,7,7,7,7,7,8,10,10,10,10,10,10,11,11,11,11,12,12,12,12,12,12,12,12,12,14,14,14,15,15,15,16,17,17,17,17,17,17,17,17,17,17,17,17,18,18,18,19,19,19,19,20,20,21,21,22,22,22,22,23,23,23,24,25,24,24,24,24,24,25,25,25,25,3,3,3,欠,欠,
1821163,欠,欠,欠,欠,欠,4,4,5,5,6,6,7,7,7,8,8,8,8,欠,10,10,10,10,10,10,11,11,11,12,12,12,欠,13,13,14,14,14,14,14,14,14,14,15,15,17,17,17,17,17,17,17,17,17,17,17,17,17,18,18,18,18,18,18,18,19,20,20,21,21,21,21,21,21,23,24,24,24,24,24,24,24,25,24,23,25,25,欠,欠,欠,欠,欠,
1821166,欠,欠,欠,欠,欠,欠,欠,欠,4,5,欠,欠,7,7,7,欠,8,8,8,10,10,10,10,10,10,10,10,11,欠,11,11,11,12,12,欠,欠,欠,14,14,15,15,15,15,17,17,17,25,17,17,17,17,欠,17,17,17,18,18,18,19,19,19,19,19,19,19,20,19,21,24,24,23,22,23,24,24,25,25,25,25,14,25,25,25,25,25,欠,欠,欠,欠,欠,欠,
7699990,欠,欠,欠,1,2,4,4,4,5,6,6,欠,6,7,7,8,8,8,8,8,9,9,9,10,10,10,10,11,11,12,12,12,12,12,12,12,12,14,14,14,14,14,14,14,14,16,16,16,17,17,17,17,17,17,17,17,17,17,18,18,19,19,19,19,19,23,20,20,21,22,22,22,23,23,23,23,25,25,25,25,25,24,24,25,25,25,25,25,25,25,欠,
999998,欠,欠,欠,欠,欠,欠,欠,欠,欠,欠,欠,欠,欠,欠,欠,欠,欠,欠,欠,欠,欠,欠,欠,欠,欠,欠,欠,欠,欠,欠,欠,欠,欠,欠,欠,欠,欠,欠,欠,欠,欠,欠,欠,欠,欠,欠,欠,欠,欠,欠,欠,欠,欠,欠,欠,欠,欠,欠,欠,欠,欠,欠,欠,欠,欠,欠,欠,欠,欠,欠,欠,欠,欠,欠,欠,欠,欠,欠,欠,欠,欠,欠,欠,欠,欠,欠,欠,欠,欠,欠,欠,
