操作数
06:00,06:01,06:02,06:03,06:04,06:05,06:06,06:07,06:08,06:09,06:10,06:11,06:12,06:13,06:14,06:15,06:16,06:17,06:18,06:19,06:20,06:21,06:22,06:23,06:24,06:25,06:26,06:27,06:28,06:29,06:30,06:31,06:32,06:33,06:34,06:35,06:36,06:37,06:38,06:39,06:40,06:41,06:42,06:43,06:44,06:45,06:46,06:47,06:48,06:49,06:50,06:51,06:52,06:53,06:54,06:55,06:56,06:57,06:58,06:59,07:00,07:01,07:02,07:03,07:04,07:05,07:06,07:07,07:08,07:09,07:10,07:11,07:12,07:13,07:14,07:15,07:16,07:17,07:18,07:19,07:20,07:21,07:22,07:23,07:24,07:25,07:26,07:27,07:28,07:29,07:30,
1721027,0,0,0,31,59,60,60,59,5,0,0,0,0,欠,0,0,0,0,0,0,0,0,0,0,0,0,0,0,0,0,0,0,0,0,0,0,0,0,0,0,0,0,0,0,0,0,0,0,0,0,0,0,0,欠,0,7,0,0,0,0,0,0,0,0,0,0,0,0,0,0,0,0,0,0,0,0,0,0,0,0,0,0,0,0,0,0,欠,0,31,38,欠,
1821001,0,0,0,0,0,0,0,0,0,0,0,0,0,0,0,0,0,0,0,0,0,0,0,0,0,0,2,0,0,0,0,0,0,0,0,0,0,0,0,0,0,0,0,0,0,0,0,0,0,0,0,0,0,0,0,0,0,0,0,0,0,0,0,0,0,0,0,0,0,0,0,0,0,0,0,0,0,0,0,0,0,0,0,0,0,0,0,0,欠,欠,欠,
1821002,56,59,60,0,0,0,0,0,0,0,0,0,1,60,36,0,0,0,0,0,16,5,0,0,0,23,52,10,0,0,0,0,19,60,14,0,0,0,0,0,0,0,0,0,0,0,0,0,0,0,0,0,0,0,0,0,0,0,欠,0,0,0,10,59,60,15,0,0,0,0,0,0,23,16,0,13,1,0,1,0,4,50,1,0,0,0,0,17,欠,欠,欠,
1821003,
1821004,欠,欠,欠,欠,欠,欠,欠,欠,0,欠,0,0,0,0,0,0,0,0,0,0,0,0,0,0,0,0,0,0,0,0,欠,0,0,0,0,0,0,0,0,0,0,0,34,0,0,0,0,0,0,0,0,0,0,0,0,0,0,0,0,0,0,0,0,0,0,0,0,0,0,0,0,0,0,0,0,0,0,0,15,12,0,0,0,0,0,0,0,0,29,欠,欠,
1821005,60,60,59,60,60,60,53,0,0,0,0,0,0,0,0,0,0,0,0,0,0,0,0,0,0,0,0,0,0,0,0,0,0,0,0,0,0,0,0,0,0,0,0,0,0,0,0,0,0,0,0,0,0,0,0,0,0,0,0,0,0,0,0,0,0,0,0,0,0,0,0,0,0,0,0,0,0,0,0,0,0,0,0,0,0,0,0,0,3,60,欠,
1821006,欠,欠,欠,47,60,60,60,52,60,19,60,51,50,60,60,60,28,43,60,28,53,60,60,5,0,0,0,0,27,60,17,60,57,60,49,29,54,60,54,57,60,60,60,49,60,46,60,35,60,19,0,0,42,60,60,60,60,60,60,59,35,52,29,45,28,60,49,60,30,52,35,60,欠,欠,欠,欠,欠,欠,欠,欠,欠,欠,欠,欠,欠,欠,欠,欠,欠,欠,欠,
1821007,欠,欠,欠,欠,欠,欠,欠,欠,欠,欠,0,21,0,0,0,0,0,0,0,0,0,0,0,0,0,0,0,0,0,0,0,0,0,0,0,0,1,0,0,0,0,0,0,0,0,0,0,0,0,0,0,0,0,0,0,0,0,0,0,0,0,0,0,0,0,0,0,0,0,0,0,0,0,0,0,0,0,0,0,0,0,0,0,0,0,0,0,0,0,0,欠,
1821008,
1821009,60,5,8,0,0,0,2,0,0,0,0,0,0,0,0,0,0,0,9,0,0,1,0,49,59,49,0,0,0,44,41,21,60,55,60,29,24,59,45,0,0,0,0,0,0,0,0,14,34,40,0,0,0,0,0,5,44,4,0,0,0,3,30,60,19,0,53,57,59,9,39,25,57,0,0,0,0,0,59,22,0,0,0,0,0,0,0,53,60,53,欠,
1821010,
1821011,
1821012,0,0,0,0,0,0,0,0,0,0,0,0,0,0,0,0,0,0,0,0,0,0,0,0,0,0,0,0,0,0,0,0,0,0,0,0,0,0,0,0,0,0,0,0,0,0,0,0,0,0,0,0,0,0,0,0,0,0,0,0,0,0,0,0,0,0,0,0,0,0,0,0,0,0,0,0,0,0,0,0,0,0,0,0,0,11,34,15,31,57,欠,
1821013,
1821014,欠,欠,欠,欠,欠,欠,欠,欠,欠,欠,欠,0,16,0,0,0,0,58,59,36,29,59,60,59,53,0,0,0,26,59,13,42,59,59,33,0,0,0,0,0,0,0,0,0,0,0,0,20,0,0,0,0,57,59,60,59,60,58,49,59,27,52,42,34,24,44,33,60,59,16,0,42,12,15,15,60,31,0,42,60,59,60,60,59,59,60,4,0,56,欠,欠,
1821015,
1821016,欠,欠,欠,欠,欠,欠,欠,欠,42,34,15,55,29,15,0,40,31,16,49,59,4,53,2,5,0,22,60,60,59,59,23,23,55,49,0,0,26,60,35,60,56,59,59,52,43,60,40,46,33,38,0,0,3,58,59,56,60,60,60,59,12,58,9,29,9,43,10,23,53,0,58,20,20,0,0,0,57,12,41,32,10,9,0,5,13,16,60,22,52,欠,欠,
1821017,
1821018,
1821019,
1821020,欠,36,59,60,59,60,60,59,59,60,59,60,59,60,60,59,52,6,55,58,60,59,60,14,1,0,0,0,0,23,14,57,60,55,49,59,60,60,59,60,59,59,59,56,41,41,52,41,47,60,59,60,60,60,59,29,0,0,35,60,12,4,60,59,9,0,3,1,38,12,59,60,11,0,0,20,17,50,60,58,34,2,15,0,0,0,0,欠,2,欠,欠,
1821021,欠,欠,欠,欠,欠,欠,欠,欠,欠,欠,0,0,0,0,0,0,0,0,0,0,23,0,0,0,0,0,0,0,0,0,2,15,0,0,35,8,0,0,0,0,0,0,0,0,0,0,0,0,0,0,0,0,0,7,59,51,10,60,60,3,0,0,0,0,0,0,0,0,0,0,0,0,0,0,0,0,0,0,0,0,0,0,0,0,0,0,0,0,1,60,欠,
1821022,
1821023,
1821024,
1821025,
1821026,欠,欠,欠,0,0,0,0,34,0,17,0,0,0,0,46,15,0,0,0,12,13,59,52,25,0,2,59,59,44,0,0,0,0,0,8,0,0,0,0,0,0,27,45,57,0,0,0,0,0,0,0,0,0,0,0,0,0,0,0,0,0,0,0,0,0,0,0,0,0,0,0,0,0,0,0,0,0,0,0,0,0,0,0,0,45,26,欠,欠,欠,欠,欠,
1821027,
1821028,0,0,0,0,0,0,54,59,0,0,21,26,5,25,0,0,0,0,0,0,0,0,0,0,0,0,欠,欠,0,0,0,0,0,0,0,0,欠,0,0,0,0,0,0,0,0,0,0,0,欠,0,0,欠,0,0,0,0,0,0,0,0,0,0,0,0,0,0,0,0,0,0,0,0,0,0,0,0,0,4,41,0,0,0,0,0,0,0,欠,0,0,欠,欠,
1821029,59,59,60,58,49,54,0,18,60,26,48,56,33,60,60,33,0,50,60,60,60,21,26,59,60,59,41,51,0,39,60,24,50,59,59,30,38,60,59,60,59,59,59,59,46,60,45,7,59,56,5,6,17,60,60,59,59,18,0,0,0,7,0,0,2,1,0,0,0,30,57,38,38,0,35,60,60,22,48,60,59,8,11,54,42,3,42,20,23,欠,欠,
1821030,
1821031,
1821032,欠,欠,欠,欠,欠,欠,欠,欠,欠,欠,欠,欠,欠,欠,欠,欠,欠,欠,欠,欠,欠,欠,欠,欠,欠,欠,欠,欠,欠,欠,欠,欠,欠,欠,欠,欠,欠,欠,欠,欠,欠,欠,欠,欠,欠,欠,欠,欠,欠,欠,欠,欠,欠,欠,欠,欠,欠,欠,欠,欠,欠,欠,欠,欠,欠,欠,欠,欠,欠,欠,欠,欠,欠,欠,欠,欠,欠,欠,欠,欠,欠,欠,欠,欠,欠,欠,欠,欠,欠,欠,欠,
1821033,0,0,0,33,35,0,5,0,0,0,0,0,0,0,0,0,0,0,0,0,0,0,0,0,0,0,0,0,0,0,0,0,0,0,0,0,0,0,0,0,0,0,0,0,0,0,0,0,0,0,0,欠,0,0,0,0,0,0,0,0,0,0,0,0,0,0,0,0,0,0,0,0,0,0,0,0,0,0,0,0,0,0,0,0,0,1,37,20,欠,欠,欠,
1821034,欠,欠,欠,欠,欠,欠,欠,欠,欠,52,12,0,0,0,0,0,0,0,0,0,0,0,0,0,0,7,0,0,0,0,0,0,0,0,0,17,0,0,0,0,0,0,0,0,0,0,0,0,0,0,0,0,0,0,0,0,0,0,1,0,0,0,0,0,0,0,0,0,29,0,25,59,欠,0,48,60,60,39,25,60,58,60,60,60,60,20,0,1,欠,欠,欠,
1821035,18,46,47,41,16,0,0,0,34,60,10,0,0,0,0,0,0,0,7,31,35,6,59,60,60,59,60,59,18,0,35,12,33,60,60,43,0,22,0,0,0,0,0,0,0,0,0,0,0,0,0,0,0,0,0,0,0,46,59,59,60,9,49,10,43,12,60,50,59,46,20,59,25,46,0,22,60,28,0,0,0,0,0,0,24,60,48,59,60,59,欠,
1821036,
1821037,
1821038,
1821039,欠,欠,欠,欠,欠,49,60,59,59,20,49,59,23,59,60,60,12,49,59,31,48,59,56,35,43,0,0,14,38,59,3,20,60,59,51,0,47,59,60,59,60,60,60,43,3,46,45,42,1,0,0,7,欠,26,60,59,60,59,60,60,14,26,10,25,0,0,0,0,0,0,9,53,57,0,20,56,0,0,0,0,0,37,49,23,50,32,59,60,59,39,欠,
1821040,欠,欠,欠,欠,欠,欠,欠,欠,欠,欠,欠,欠,欠,欠,欠,欠,欠,欠,欠,欠,欠,欠,欠,欠,欠,欠,欠,欠,欠,欠,欠,欠,欠,欠,欠,欠,欠,欠,欠,欠,欠,欠,欠,欠,欠,欠,欠,欠,欠,欠,欠,欠,欠,欠,欠,欠,欠,欠,欠,欠,欠,欠,欠,欠,欠,欠,欠,欠,欠,欠,欠,欠,欠,欠,欠,欠,欠,欠,欠,欠,欠,欠,欠,欠,欠,欠,欠,欠,欠,欠,欠,
1821041,欠,欠,欠,欠,欠,欠,欠,0,0,0,0,0,0,0,0,0,0,0,0,0,0,0,0,0,0,0,0,0,0,0,0,0,0,0,0,0,0,0,0,0,0,0,0,0,0,0,0,0,0,0,0,0,0,0,0,0,0,0,0,0,0,0,0,0,0,0,0,0,0,0,0,0,0,0,0,0,0,0,0,0,0,0,0,0,0,0,0,0,4,欠,欠,
1821042,
1821043,
1821044,
1821045,欠,欠,欠,欠,欠,欠,欠,欠,0,0,0,0,0,0,38,0,0,0,0,0,0,0,0,0,0,0,0,0,0,0,0,0,0,0,0,0,0,0,0,0,0,0,0,0,0,0,0,0,0,0,0,0,0,0,0,0,0,0,0,0,0,0,0,0,0,0,0,0,0,0,0,0,3,0,0,0,0,0,0,0,0,0,0,0,0,0,15,8,0,欠,欠,
1821046,
1821047,
1821048,
1821049,
1821050,
1821051,
1821052,
1821053,
1821054,欠,0,14,40,59,60,59,34,0,0,7,31,49,19,23,50,0,18,28,2,0,0,0,0,0,0,0,25,60,60,7,23,0,1,35,0,0,10,48,46,29,60,59,47,29,18,0,13,54,0,0,0,0,0,0,0,44,0,0,47,0,0,32,35,27,45,35,58,36,35,23,60,15,0,41,55,2,53,51,39,18,0,0,0,0,11,欠,欠,欠,欠,欠,
1821055,59,59,60,59,50,59,11,0,0,0,0,0,0,0,0,0,0,0,0,0,0,0,0,0,0,0,0,0,0,0,0,0,0,0,0,0,0,0,0,0,0,0,0,0,0,0,0,0,0,0,0,0,0,0,0,0,0,0,0,0,0,0,0,0,0,0,0,0,0,0,0,0,0,0,0,0,0,0,0,0,0,0,0,0,0,0,0,0,39,欠,欠,
1821056,
1821057,
1821058,
1821059,
1821060,
1821061,
1821062,
1821063,欠,欠,欠,欠,欠,欠,欠,欠,50,52,0,4,17,47,59,59,60,5,48,48,15,0,0,0,0,0,0,0,59,59,1,20,24,56,60,27,0,57,59,58,59,60,59,60,39,59,41,51,36,38,0,0,0,49,60,59,60,60,59,60,24,59,35,33,30,60,19,60,47,30,49,34,26,0,33,60,8,0,16,60,23,12,60,60,57,60,60,60,59,49,欠,
1821064,
1821065,
1821066,欠,欠,欠,欠,欠,欠,欠,欠,欠,欠,欠,欠,欠,欠,欠,欠,欠,欠,欠,欠,欠,欠,欠,欠,欠,欠,欠,欠,欠,欠,欠,欠,欠,欠,欠,欠,欠,欠,欠,欠,欠,欠,欠,欠,欠,欠,欠,欠,欠,欠,欠,欠,欠,欠,欠,欠,欠,欠,欠,欠,欠,欠,欠,欠,欠,欠,欠,欠,欠,欠,欠,欠,欠,欠,欠,欠,欠,欠,欠,欠,欠,欠,欠,欠,欠,欠,欠,欠,欠,欠,欠,
1821067,
1821068,0,0,0,22,59,59,19,7,1,0,0,0,0,0,0,0,0,0,0,0,0,0,0,0,0,0,0,0,0,0,0,0,0,0,0,0,0,0,0,0,0,0,0,0,0,0,0,0,0,0,0,0,0,0,0,0,0,0,0,0,0,0,0,0,0,10,0,0,0,0,0,0,0,0,9,23,27,7,3,0,0,0,0,0,0,0,34,21,0,欠,欠,
1821069,
1821070,
1821071,欠,欠,0,0,0,0,0,0,0,0,0,0,0,0,0,0,0,0,0,0,0,0,0,0,0,欠,0,0,0,0,0,0,0,0,0,0,0,0,0,0,0,0,0,0,0,0,0,0,0,0,0,0,0,0,0,0,0,0,0,0,0,0,0,0,0,0,0,0,0,0,0,0,0,0,0,0,0,0,0,0,0,24,35,0,0,0,0,4,0,欠,欠,
1821072,欠,欠,欠,欠,24,0,0,5,0,0,0,0,0,0,0,57,2,0,0,0,0,0,0,0,0,0,0,0,0,0,0,0,0,0,0,0,0,0,0,0,0,0,0,0,0,10,60,59,60,59,60,59,60,59,60,60,59,59,60,60,25,0,14,60,2,10,36,33,48,0,31,28,40,0,43,60,14,0,0,0,0,13,0,0,0,0,欠,38,19,欠,欠,
1821073,欠,欠,欠,53,59,59,2,0,0,0,0,0,0,0,0,14,0,0,0,22,0,0,11,0,0,0,0,0,0,0,0,0,0,0,0,0,0,0,0,0,0,0,0,0,0,0,0,0,0,0,0,0,0,0,0,0,0,0,0,0,0,0,0,0,0,0,0,0,0,0,0,0,0,0,0,0,0,0,0,0,0,欠,欠,0,0,0,0,3,0,欠,欠,
1821074,0,欠,29,6,10,38,34,3,0,欠,12,12,0,0,0,0,0,0,0,0,0,0,0,30,16,60,59,60,欠,欠,欠,欠,60,14,0,0,0,0,0,0,0,0,0,0,0,0,0,0,0,0,0,0,0,0,0,38,60,59,59,59,48,59,59,59,60,59,60,59,60,59,59,60,59,59,60,59,59,59,60,60,59,60,60,60,59,59,欠,欠,欠,欠,欠,
1821075,欠,欠,欠,欠,欠,欠,欠,欠,欠,欠,欠,欠,欠,欠,欠,0,0,52,59,60,25,5,60,59,59,60,59,50,0,0,0,1,60,59,60,55,0,0,0,0,0,0,0,0,0,0,0,0,0,43,53,59,60,60,60,59,48,0,0,0,0,0,0,0,0,0,0,0,0,0,0,0,0,0,0,0,0,27,34,0,0,0,0,0,0,0,0,21,欠,欠,欠,
1821076,欠,欠,欠,欠,欠,欠,0,0,0,0,0,0,0,0,0,0,0,0,20,38,0,0,0,0,0,0,0,0,0,0,0,0,0,0,0,0,0,0,0,0,0,0,0,0,0,0,0,0,0,0,欠,0,0,0,0,0,0,0,欠,0,0,0,0,0,0,0,0,0,0,0,0,0,0,0,0,0,0,0,0,0,0,0,0,37,16,0,0,0,0,欠,欠,
1821077,0,0,0,0,0,13,60,60,39,0,0,0,0,0,3,0,55,29,30,49,42,0,0,0,0,0,0,0,0,0,0,0,0,0,0,0,0,0,0,0,0,0,0,0,0,0,0,0,0,0,0,0,0,0,0,0,0,0,0,0,0,0,0,0,0,0,0,0,0,0,0,0,0,0,0,0,0,0,0,0,0,0,0,0,0,0,0,欠,欠,欠,欠,
1821078,欠,欠,欠,0,0,0,2,42,8,0,0,27,22,36,20,14,4,30,14,53,43,15,7,11,9,7,0,0,0,0,0,0,0,0,0,0,0,0,6,0,0,0,0,0,25,欠,欠,欠,欠,欠,欠,欠,欠,欠,欠,欠,欠,欠,欠,欠,欠,欠,欠,欠,欠,欠,欠,欠,欠,欠,欠,欠,欠,欠,欠,欠,欠,欠,欠,欠,欠,欠,欠,欠,欠,欠,欠,欠,欠,欠,欠,
1821079,0,0,0,0,0,0,0,0,0,0,0,0,0,1,0,0,0,0,0,0,0,0,0,0,0,0,0,0,0,0,0,0,0,0,0,欠,欠,欠,欠,欠,欠,欠,欠,欠,欠,欠,欠,欠,欠,欠,欠,欠,欠,欠,欠,欠,欠,欠,欠,欠,欠,欠,欠,欠,欠,欠,欠,欠,欠,欠,欠,欠,欠,欠,欠,欠,欠,欠,欠,欠,欠,欠,欠,欠,欠,欠,欠,欠,欠,欠,欠,
1821080,51,34,26,48,43,24,41,17,38,60,21,41,28,24,21,40,10,0,0,0,0,0,0,0,0,0,0,43,59,59,59,60,60,59,59,60,60,60,60,19,0,0,0,0,0,0,0,0,0,0,0,0,0,0,0,6,60,欠,欠,欠,欠,欠,欠,欠,欠,欠,欠,欠,欠,欠,欠,欠,欠,欠,欠,欠,欠,欠,欠,欠,欠,欠,欠,欠,欠,欠,欠,欠,欠,欠,欠,
1821081,欠,欠,欠,欠,欠,欠,欠,欠,欠,欠,欠,欠,欠,欠,欠,欠,欠,欠,欠,欠,欠,欠,欠,欠,欠,欠,欠,欠,欠,欠,欠,欠,欠,欠,欠,欠,欠,欠,欠,欠,欠,欠,欠,欠,欠,欠,欠,欠,欠,欠,欠,欠,欠,欠,欠,欠,欠,欠,欠,欠,欠,欠,欠,欠,欠,欠,欠,欠,欠,欠,欠,欠,欠,欠,欠,欠,欠,欠,欠,欠,欠,欠,欠,欠,欠,欠,欠,欠,欠,欠,欠,
1821082,
1821083,
1821084,16,24,0,8,29,39,27,欠,9,0,3,6,2,9,17,0,3,0,0,0,0,3,4,0,17,10,0,0,0,0,0,0,0,0,0,0,0,0,0,6,32,59,59,60,59,60,60,59,59,60,60,60,60,59,59,59,60,59,60,60,59,60,59,60,59,60,60,59,59,60,59,60,60,59,59,59,60,59,60,60,59,59,59,60,59,60,59,60,59,59,欠,
1821085,欠,欠,欠,欠,欠,0,28,52,53,0,48,欠,22,44,1,49,9,60,60,40,52,41,20,0,31,60,60,22,41,44,28,59,51,欠,49,29,39,60,26,0,0,33,54,40,0,22,60,57,0,0,0,0,0,0,0,欠,欠,欠,欠,欠,欠,欠,欠,欠,13,0,0,0,0,0,0,0,0,0,0,0,1,1,0,1,0,1,9,18,0,欠,27,60,53,欠,欠,
1821086,欠,欠,欠,欠,欠,欠,欠,欠,39,欠,59,26,4,0,33,29,0,25,7,5,1,2,2,0,35,32,3,0,14,15,10,58,59,51,欠,欠,欠,欠,欠,欠,欠,欠,欠,欠,欠,欠,欠,欠,欠,欠,欠,欠,欠,欠,欠,欠,欠,欠,欠,欠,欠,欠,欠,欠,欠,欠,欠,欠,欠,欠,欠,欠,欠,欠,欠,欠,欠,欠,欠,欠,欠,欠,欠,欠,欠,欠,欠,欠,欠,欠,欠,
1821087,0,0,0,0,0,0,0,0,0,0,0,0,0,0,0,0,0,0,0,0,0,0,0,0,0,0,0,0,0,0,0,0,0,0,0,0,0,0,0,0,0,0,0,0,0,0,0,0,0,0,0,0,0,0,0,0,0,0,0,0,0,0,0,0,0,0,0,0,0,0,0,0,0,0,0,0,0,0,0,0,0,0,0,59,29,53,6,0,欠,欠,欠,
1821088,
1821089,
1821090,欠,欠,欠,欠,42,60,57,60,42,51,10,54,40,60,48,60,60,9,34,36,32,58,55,0,0,欠,0,47,25,36,0,44,59,60,50,0,45,59,38,60,58,59,60,60,38,23,0,13,60,59,4,0,0,4,59,60,60,60,60,44,29,60,24,57,36,28,53,58,57,59,50,19,0,0,9,43,26,0,0,0,0,41,60,15,0,0,32,59,54,58,欠,
1821091,
1821092,
1821093,0,0,0,40,59,35,50,0,0,0,21,2,0,0,0,0,0,0,0,0,0,6,9,0,15,0,14,59,20,0,0,0,0,0,0,0,0,0,0,0,0,0,0,0,0,0,0,18,0,0,13,0,0,0,0,0,0,0,0,0,0,0,0,0,0,0,0,0,0,3,0,0,0,0,0,0,2,0,0,8,9,0,0,0,13,欠,欠,欠,欠,欠,欠,
1821094,
1821095,
1821096,欠,欠,欠,欠,欠,0,0,0,0,0,0,48,4,0,0,0,0,0,0,0,0,0,0,0,0,0,0,0,0,0,0,0,0,0,0,0,0,0,21,欠,0,0,0,0,0,0,0,0,0,0,0,0,0,0,0,0,0,0,0,0,0,0,35,41,10,0,4,0,0,0,0,0,0,0,0,0,0,0,0,45,60,35,0,0,0,0,35,31,0,欠,欠,
1821097,欠,欠,欠,49,60,60,60,60,60,60,17,5,60,19,60,52,53,0,18,60,17,0,0,0,0,0,0,0,45,60,47,0,26,30,43,60,5,0,44,55,56,60,60,57,60,10,57,60,30,0,0,0,0,0,23,60,60,60,60,60,60,0,54,21,36,29,52,40,36,0,55,16,36,43,0,0,欠,0,0,0,0,0,0,0,0,13,57,21,欠,欠,欠,
1821098,欠,欠,欠,欠,28,60,17,0,0,0,5,59,17,44,60,59,60,37,0,40,13,0,58,49,0,0,1,51,0,0,0,0,0,19,0,0,0,0,0,60,59,60,60,59,60,16,0,0,0,0,2,0,27,0,49,59,60,59,50,0,0,0,0,7,57,0,30,52,59,60,60,3,0,0,0,43,56,0,0,0,0,0,0,0,0,0,17,8,0,欠,欠,
1821099,8,7,43,30,31,0,38,24,28,10,26,18,13,0,0,0,0,0,0,8,15,30,32,20,24,13,42,14,40,0,0,16,14,0,0,2,10,15,35,18,欠,21,30,24,15,24,16,15,30,6,0,4,41,59,59,59,8,0,0,0,0,0,0,0,0,0,12,17,14,46,57,47,0,0,0,0,0,0,0,0,0,0,0,0,0,欠,欠,欠,欠,欠,欠,
1821100,
1821101,
1821102,0,0,23,9,58,60,欠,56,53,35,32,19,0,0,37,60,12,56,0,0,0,0,0,0,0,0,0,0,0,0,0,0,0,0,0,欠,欠,欠,0,0,0,0,0,0,0,0,0,0,0,0,0,0,0,0,0,0,0,0,0,0,0,0,0,0,0,0,0,22,1,0,0,0,0,0,32,55,27,0,0,0,0,0,0,0,0,0,38,1,0,欠,欠,
1821103,
1821104,欠,欠,欠,欠,欠,欠,欠,52,60,15,59,37,55,59,60,59,0,31,51,0,0,0,0,0,0,0,0,0,0,0,5,56,55,60,43,7,60,59,60,60,59,16,0,0,0,0,0,0,0,0,0,0,0,0,0,0,0,0,0,0,0,0,0,0,0,0,0,0,0,0,0,0,0,0,0,0,0,0,0,0,0,0,0,0,欠,欠,欠,欠,欠,欠,欠,
1821105,欠,35,59,54,0,0,欠,60,59,60,60,59,60,60,59,59,60,60,57,0,43,60,59,60,60,59,60,60,59,59,60,60,59,60,59,59,60,59,60,59,60,欠,60,59,60,60,59,60,59,60,59,60,39,37,59,60,49,0,0,0,19,5,0,0,0,0,0,欠,0,0,0,0,0,0,0,0,0,0,12,23,39,59,49,60,54,60,25,20,41,欠,欠,
1821106,欠,欠,欠,欠,欠,欠,欠,欠,欠,欠,欠,欠,欠,欠,欠,0,0,0,17,32,0,欠,43,37,27,60,60,60,50,0,0,0,13,欠,0,0,0,0,0,58,60,58,60,60,37,0,0,0,0,0,0,60,60,60,60,60,60,60,3,49,60,12,25,41,26,20,60,52,59,60,40,11,60,15,0,0,17,21,55,60,60,60,53,60,60,56,0,0,欠,欠,欠,
1821107,欠,欠,0,欠,47,60,60,22,0,0,0,0,0,0,0,0,0,0,0,0,0,0,0,0,0,0,0,欠,0,0,0,0,0,0,0,0,0,0,0,0,0,0,0,0,0,0,0,0,0,0,0,0,0,0,欠,22,0,13,0,0,0,0,0,0,0,0,0,0,0,0,0,0,0,0,0,0,0,0,0,0,0,0,0,0,0,0,52,50,55,欠,欠,
1821108,0,0,0,0,0,0,0,0,0,0,0,0,0,0,0,0,0,0,0,0,0,0,0,0,0,0,0,0,0,0,0,0,0,0,0,0,0,0,0,0,0,0,0,0,0,0,0,0,0,0,0,60,23,59,60,59,60,59,59,59,60,60,59,2,0,0,0,0,0,0,0,0,0,35,0,0,0,0,0,0,0,4,51,18,24,9,0,0,0,欠,欠,
1821109,
1821110,
1821111,欠,欠,欠,欠,0,20,60,60,60,50,31,59,55,47,60,59,60,14,54,60,19,0,0,0,0,0,34,59,19,15,60,欠,60,52,54,41,0,0,0,0,0,24,60,59,60,59,60,60,49,59,60,59,60,60,59,60,58,59,45,12,59,0,0,16,4,0,0,0,10,25,49,0,0,欠,0,0,0,0,0,0,0,20,60,60,58,0,40,58,59,欠,欠,
1821112,
1821113,
1821114,
1821115,
1821116,
1821117,
1821118,
1821119,0,0,0,0,0,0,0,0,0,0,0,0,0,0,0,0,0,0,1,8,0,0,0,0,2,0,0,0,0,0,0,0,0,0,0,0,0,0,0,0,13,欠,2,0,0,0,3,0,0,0,0,0,0,0,0,0,0,0,0,0,0,0,0,0,0,0,0,0,0,0,0,0,0,0,3,0,0,0,0,0,0,0,3,0,0,3,27,51,0,欠,欠,
1821120,欠,欠,欠,欠,欠,欠,52,51,60,22,0,3,26,6,14,55,2,0,7,0,0,13,27,13,0,0,0,0,0,4,27,36,13,0,0,0,39,15,48,21,15,16,9,9,31,7,16,25,20,0,0,0,0,0,0,0,0,4,44,25,24,9,18,36,13,8,36,43,43,0,10,20,24,11,20,24,9,0,8,19,0,0,0,0,0,0,17,30,51,欠,欠,
1821121,0,0,9,3,45,50,52,15,0,0,0,0,0,0,0,0,0,0,4,0,3,0,0,0,0,0,0,0,0,11,0,0,0,0,0,0,0,0,0,0,0,0,0,0,0,0,0,0,0,0,0,0,0,0,0,0,0,0,0,0,0,0,0,0,0,0,0,0,0,0,0,0,0,0,0,0,0,0,0,0,0,0,0,0,11,19,1,21,欠,欠,欠,
1821122,欠,欠,欠,欠,欠,41,60,60,13,21,17,59,59,60,60,58,54,6,0,5,8,0,51,60,59,60,59,59,17,12,0,0,42,59,60,47,0,0,0,0,0,0,0,36,59,60,59,59,59,60,17,8,17,6,12,2,9,0,0,0,0,0,欠,欠,24,24,0,0,0,0,0,0,0,0,0,0,0,0,0,0,0,0,0,0,0,0,欠,欠,欠,欠,欠,
1821123,59,60,58,59,59,60,15,0,0,0,0,0,0,0,0,0,0,0,0,0,0,0,0,0,0,0,0,0,0,0,0,0,0,0,0,0,0,0,0,0,0,0,0,0,0,0,0,0,0,0,0,0,0,0,0,0,0,0,0,0,0,0,0,0,0,0,0,0,0,0,0,0,0,0,0,0,0,0,0,0,0,0,0,0,0,0,52,47,59,欠,欠,
1821124,
1821125,
1821126,
1821127,59,60,59,56,60,59,欠,24,49,41,15,59,42,28,60,59,40,10,59,41,13,60,59,60,48,59,59,19,30,59,8,52,29,0,48,0,44,59,60,60,60,58,47,40,49,54,44,37,51,20,0,欠,60,60,59,60,60,34,0,0,0,0,0,55,13,60,24,6,55,22,0,9,52,0,0,35,27,0,0,0,13,60,60,51,0,0,32,59,欠,欠,欠,
1821128,
1821129,欠,欠,欠,欠,欠,欠,欠,欠,欠,欠,欠,欠,欠,欠,欠,欠,欠,欠,欠,欠,欠,欠,欠,欠,欠,欠,欠,欠,欠,欠,欠,欠,欠,欠,欠,0,0,0,0,0,0,欠,0,0,0,0,0,0,0,0,0,0,0,0,0,0,0,0,0,0,0,0,0,0,0,0,0,0,0,0,0,0,0,0,0,0,0,0,0,0,0,0,0,0,0,0,欠,欠,欠,欠,欠,
1821130,欠,0,0,0,0,0,0,0,0,0,0,0,0,0,0,0,0,0,0,0,0,0,0,0,17,48,0,0,0,0,0,0,0,0,0,0,0,0,0,0,0,0,0,0,0,0,0,0,0,0,0,0,0,0,0,0,0,0,0,0,0,0,0,0,0,0,欠,0,0,0,0,0,0,0,0,0,0,16,45,11,0,0,0,0,0,0,0,0,0,欠,欠,
1821131,欠,欠,欠,欠,欠,欠,欠,欠,0,0,0,0,0,0,0,0,0,0,0,0,0,0,0,0,0,0,0,0,0,0,0,0,0,0,0,0,0,0,0,0,0,0,0,0,0,0,0,0,0,0,0,0,0,0,0,0,0,0,0,0,0,0,0,0,0,0,0,0,0,0,0,0,0,0,0,0,0,0,0,0,0,0,0,0,0,0,0,0,25,欠,欠,
1821132,0,0,0,0,0,0,0,0,0,0,0,0,1,0,0,5,3,0,37,51,1,11,18,0,0,0,10,24,56,40,47,60,58,59,47,29,59,56,60,59,60,59,60,60,45,39,59,37,37,0,0,36,59,60,59,60,59,59,60,60,7,14,59,41,50,59,26,35,18,60,22,0,0,0,57,59,8,22,40,52,27,0,0,0,0,25,52,59,欠,欠,欠,
1821133,欠,欠,欠,欠,欠,欠,13,59,60,25,51,59,36,59,45,55,26,38,59,60,6,59,59,60,60,59,60,22,47,59,22,16,60,59,55,25,46,57,59,59,60,59,60,50,51,60,40,47,0,0,0,0,43,60,59,59,59,18,54,60,11,0,0,2,0,0,0,58,40,33,59,28,24,0,45,58,欠,0,0,0,0,0,36,59,15,0,52,欠,欠,欠,欠,
1821134,欠,欠,0,0,2,46,37,0,0,0,0,0,0,0,0,0,0,0,0,0,0,0,0,0,0,0,0,0,0,0,0,0,0,0,0,0,0,0,0,0,0,0,0,0,0,0,0,0,0,0,0,0,0,0,0,0,0,0,0,0,0,0,0,0,0,0,0,0,0,0,0,0,0,0,0,0,0,0,0,0,0,0,0,0,0,0,0,1,9,欠,欠,
1821135,
1821136,0,0,0,0,0,0,0,0,0,0,0,0,0,0,0,0,0,0,0,0,0,0,0,0,0,0,0,0,0,0,0,14,60,23,40,0,0,52,59,60,60,20,0,0,0,0,0,0,0,0,0,0,0,0,0,0,0,0,0,0,0,8,40,0,0,0,0,0,0,0,0,0,0,0,0,0,0,0,0,0,0,0,0,0,0,0,0,18,60,51,欠,
1821137,0,0,0,0,0,0,0,0,0,0,0,0,0,0,0,0,0,0,9,3,8,0,0,0,0,39,22,0,0,0,0,0,0,0,0,0,0,0,0,0,0,0,0,46,17,54,60,59,60,60,60,59,40,14,59,60,59,60,60,59,59,60,43,58,0,54,60,55,59,48,59,60,59,60,60,5,32,0,0,0,0,0,0,0,0,0,1,欠,欠,欠,欠,
1821138,欠,欠,欠,欠,欠,欠,欠,欠,欠,欠,欠,15,0,0,49,60,60,59,60,15,46,59,60,60,59,60,60,60,60,59,59,60,59,60,59,60,8,0,0,34,60,60,60,59,60,60,59,60,60,24,0,26,23,59,42,59,59,60,60,60,59,60,60,17,0,36,60,19,0,0,0,46,60,59,60,60,60,6,0,0,0,0,0,60,38,60,0,欠,欠,欠,欠,
1821139,欠,欠,欠,欠,欠,欠,欠,欠,欠,0,0,0,0,0,3,0,0,0,0,0,0,21,21,0,0,12,0,43,0,29,27,0,0,12,0,0,12,4,0,0,0,0,0,0,0,0,0,0,0,17,0,0,0,0,0,0,0,57,60,60,14,60,19,21,17,38,34,0,0,0,0,0,0,0,0,0,0,0,0,45,28,38,3,欠,0,0,10,6,0,36,欠,
1821140,欠,欠,欠,欠,欠,欠,欠,欠,欠,欠,欠,欠,欠,欠,欠,欠,欠,欠,欠,欠,欠,欠,欠,欠,欠,欠,欠,欠,欠,欠,欠,欠,欠,欠,欠,欠,欠,欠,欠,欠,欠,欠,欠,欠,欠,欠,欠,欠,欠,欠,欠,欠,欠,欠,欠,欠,欠,欠,欠,欠,欠,欠,欠,欠,欠,欠,欠,欠,欠,欠,欠,欠,欠,欠,欠,欠,欠,欠,欠,欠,欠,欠,欠,欠,欠,欠,欠,欠,欠,欠,欠,
1821141,欠,39,55,58,24,0,17,欠,欠,欠,9,59,35,25,32,60,60,6,60,60,26,48,53,5,0,0,0,21,60,60,24,0,41,60,58,0,0,50,30,0,0,0,0,0,0,0,0,0,0,26,0,0,9,38,58,37,37,50,0,24,欠,欠,12,46,5,19,60,35,17,41,25,23,11,60,30,9,10,0,42,3,4,30,35,6,欠,欠,27,32,60,59,欠,
1821142,欠,欠,欠,17,35,60,60,3,0,0,0,36,25,60,60,60,32,27,60,60,6,59,60,60,60,44,0,0,0,0,0,26,60,60,60,19,15,59,51,54,60,60,60,60,30,32,52,60,59,60,5,0,0,欠,0,0,0,0,35,60,60,14,9,60,25,34,60,35,60,13,58,27,43,0,5,55,21,15,0,47,57,39,0,0,0,0,17,59,52,欠,欠,
1821143,60,60,56,35,60,51,0,0,0,0,0,0,0,0,0,0,0,0,0,0,0,0,0,0,0,欠,0,0,0,0,0,0,0,0,0,0,0,0,0,0,0,1,0,0,0,0,0,0,0,0,0,0,0,0,0,0,2,0,0,0,60,13,0,0,0,0,0,0,0,0,0,0,0,0,0,0,0,0,0,0,0,0,0,0,0,0,0,51,60,欠,欠,
1821144,
1821145,欠,欠,40,60,60,59,59,56,60,41,0,0,0,45,60,60,2,48,59,46,0,0,0,0,0,50,60,14,43,59,30,43,59,60,28,0,0,0,0,0,0,0,0,0,0,0,0,12,11,60,38,60,59,60,59,59,60,9,0,0,0,0,0,23,30,59,60,59,25,9,0,29,12,0,56,59,60,22,0,0,0,0,0,0,0,0,0,32,34,欠,欠,
1821146,
1821147,欠,欠,欠,8,0,0,0,0,0,0,0,0,0,0,0,0,0,0,0,0,0,0,0,0,0,0,0,0,0,0,0,0,0,0,0,0,0,0,0,0,0,0,0,0,0,0,0,0,0,0,0,0,0,0,0,0,0,0,0,0,0,0,0,0,0,0,0,0,0,0,0,0,0,0,0,0,0,0,0,0,0,0,0,0,2,3,46,17,3,欠,欠,
1821148,欠,欠,欠,欠,欠,0,16,51,60,55,12,55,25,45,59,59,60,60,59,46,2,22,59,60,4,10,60,59,59,59,4,1,0,43,31,1,0,0,0,0,0,27,28,0,2,0,0,0,43,10,0,0,0,0,0,0,53,60,13,0,0,0,0,0,0,0,0,0,0,0,0,0,0,0,0,0,2,3,0,0,0,0,3,欠,42,59,59,59,欠,欠,欠,
1821149,
1821150,欠,欠,欠,欠,欠,欠,欠,21,59,欠,53,欠,7,58,60,欠,14,29,60,59,15,44,60,36,0,0,0,0,33,60,59,42,28,55,60,22,31,60,55,60,60,60,60,55,38,59,38,59,33,46,0,0,0,31,60,59,60,22,39,60,27,59,29,47,59,60,59,52,52,25,59,24,34,0,49,59,3,59,60,51,50,0,0,0,0,欠,欠,欠,欠,欠,欠,
1821151,
1821152,59,60,54,51,0,0,11,0,0,0,0,0,0,0,0,21,34,0,0,0,0,0,0,1,0,2,1,2,0,0,0,22,0,0,0,0,0,0,0,0,0,0,0,0,0,0,0,0,0,0,0,0,0,0,0,0,0,0,0,0,0,0,0,0,0,0,0,0,0,0,0,0,0,0,0,0,0,0,0,0,0,0,0,0,0,0,0,0,7,欠,欠,
1821153,
1821154,欠,欠,欠,欠,欠,欠,欠,欠,52,13,56,46,49,60,60,60,19,32,60,50,2,60,39,0,0,0,0,0,0,0,0,0,0,0,0,0,0,0,0,0,0,0,0,0,0,0,0,0,0,0,0,0,0,0,0,0,0,0,0,0,0,0,0,0,0,0,0,0,0,0,0,0,0,0,0,0,0,0,0,0,0,0,0,0,0,0,0,29,60,欠,欠,
1821155,欠,欠,欠,欠,欠,欠,欠,欠,欠,欠,欠,欠,欠,欠,欠,欠,欠,欠,欠,欠,欠,欠,欠,欠,欠,欠,欠,欠,欠,欠,欠,欠,欠,欠,欠,欠,欠,欠,欠,欠,欠,欠,欠,欠,欠,欠,欠,欠,欠,欠,欠,欠,欠,欠,欠,欠,欠,欠,欠,欠,欠,欠,欠,欠,欠,欠,欠,欠,欠,欠,欠,欠,欠,欠,欠,欠,欠,欠,欠,欠,欠,欠,欠,欠,欠,欠,欠,欠,欠,欠,欠,
1821156,欠,欠,欠,欠,欠,欠,55,46,59,60,22,36,28,45,60,41,35,3,60,60,12,40,59,51,59,60,60,59,60,7,0,27,60,59,51,28,0,51,6,0,0,0,0,0,0,0,0,0,0,0,0,0,0,0,0,0,0,0,0,0,0,0,0,0,0,0,0,0,0,0,0,0,0,0,0,0,0,0,0,0,0,0,0,0,0,0,0,欠,欠,欠,欠,
1821157,
1821158,59,59,60,60,58,59,60,60,38,0,0,18,54,60,60,11,0,0,0,0,0,0,0,欠,0,0,0,0,0,0,0,0,0,0,0,0,0,0,0,0,0,欠,0,0,24,48,43,22,33,0,13,0,0,0,0,0,0,0,0,0,0,0,0,0,0,0,0,0,0,0,0,0,0,0,0,0,0,0,0,0,0,0,0,0,0,0,0,欠,欠,欠,欠,
1821159,欠,欠,欠,欠,欠,欠,欠,0,0,0,0,0,13,0,0,0,0,0,0,0,0,5,0,0,0,0,0,0,0,1,0,0,0,0,0,0,0,0,0,0,0,0,0,0,0,0,0,0,0,0,0,0,0,0,0,0,0,0,0,0,0,0,0,0,0,0,0,0,0,0,0,0,0,0,0,0,0,0,0,0,0,0,0,0,8,0,0,0,2,欠,欠,
1821160,欠,欠,欠,0,0,42,59,5,0,0,0,0,2,0,3,0,0,0,0,0,0,0,0,0,0,0,0,9,60,47,32,60,54,60,16,53,51,57,58,34,36,59,59,60,31,45,59,8,60,8,0,2,60,60,59,59,55,60,59,54,0,25,45,22,53,51,54,60,20,59,35,60,15,9,50,59,19,59,13,0,0,0,0,0,0,27,55,60,欠,欠,欠,
1821161,
1821162,欠,欠,欠,欠,欠,欠,欠,欠,欠,欠,欠,欠,欠,欠,欠,欠,欠,欠,欠,欠,49,60,60,59,60,60,59,60,60,59,60,59,59,60,60,60,60,59,60,59,60,59,60,59,59,59,60,60,59,60,59,59,60,60,60,59,60,59,60,59,欠,60,26,60,59,60,60,59,60,59,60,59,59,59,60,60,59,60,60,59,60,60,59,59,60,59,9,0,0,32,欠,
1821163,60,59,59,59,60,59,60,60,60,37,38,51,5,54,48,15,22,45,59,60,60,60,59,53,0,29,59,60,60,59,44,7,44,0,18,10,60,59,50,59,60,59,59,60,60,59,60,59,60,8,0,53,59,60,60,59,59,16,28,59,29,55,7,59,23,59,51,60,59,21,60,40,42,0,30,60,42,18,60,59,59,60,59,59,59,60,38,0,欠,欠,欠,
1821164,
1821165,
1821166,欠,欠,欠,欠,欠,欠,欠,欠,欠,欠,欠,欠,欠,欠,欠,欠,欠,欠,欠,欠,欠,欠,欠,欠,欠,欠,欠,欠,欠,欠,欠,欠,欠,欠,欠,欠,欠,欠,欠,欠,欠,欠,欠,欠,欠,欠,欠,欠,欠,欠,欠,欠,欠,欠,欠,欠,欠,欠,欠,欠,欠,欠,欠,欠,欠,欠,欠,欠,欠,欠,欠,欠,欠,欠,欠,欠,欠,欠,欠,欠,欠,欠,欠,欠,欠,欠,欠,欠,欠,欠,欠,
7699990,欠,欠,26,54,30,60,58,41,41,57,55,35,58,58,45,58,50,59,55,51,58,53,60,60,60,48,39,58,58,21,60,60,38,56,57,56,60,52,55,52,52,56,55,59,36,46,56,52,55,58,11,0,16,31,19,4,40,60,56,57,60,33,55,56,50,47,44,52,60,53,46,60,60,57,56,56,56,42,38,60,54,60,59,57,60,60,60,42,0,0,欠,
999998,欠,欠,欠,欠,欠,欠,欠,欠,欠,欠,欠,欠,欠,欠,欠,欠,欠,欠,欠,欠,欠,欠,欠,欠,欠,欠,欠,欠,欠,欠,欠,欠,欠,欠,欠,欠,欠,欠,欠,欠,欠,欠,欠,欠,欠,欠,欠,欠,欠,欠,欠,欠,欠,欠,欠,欠,欠,欠,欠,欠,欠,欠,欠,欠,欠,欠,欠,欠,欠,欠,欠,欠,欠,欠,欠,欠,欠,欠,欠,欠,欠,欠,欠,欠,欠,欠,欠,欠,欠,欠,欠,
