時間
1229,1230,1231,1232,1233,1234,1235,1260,1261,1262,1263,1264,1265,1266,1267,1297,1298,1299,1300,1282,1283,1284,1285,1286,1287,1288,1294,1295,1296,1301,1303,1304,1305,1306,
-0.999,-0.999,-0.999,-0.999,-0.999,-0.999,-0.999,-0.999,-0.999,-0.999,-0.999,-0.999,-0.999,-0.999,-0.999,-0.999,-0.999,-0.999,-0.999,-0.999,-0.999,-0.999,-0.999,-0.999,-0.999,-0.999,-0.999,-0.999,-0.999,-0.999,-0.999,-0.999,-0.999,-0.999,
1721027,-100,-108,-96,10,18,23,27,-197,-144,-95,-59,-120,28,34,42,-158,-142,-131,-76,-291,-286,-282,-276,-250,-234,-226,-201,-193,-184,-181,-238,-232,-228,-224,
1821001,-175,-164,-158,-145,-129,-119,-107,-251,-263,-203,-183,-176,-228,-234,-169,-153,-171,-148,-174,-318,-313,-306,-286,-281,-79,-51,-95,-91,-89,-87,-57,-55,-50,-674,
1821002,79,85,88,94,99,102,105,-1224,-1220,-1212,-1207,-1310,-1303,-1298,-1291,-2102,-2099,-2087,-2072,585158,585162,585165,585172,585167,585177,585181,-2302,-2297,-2293,-2291,-2468,-2461,-2458,-2453,
1821004,-437,-434,-430,-427,-425,-421,-417,-1267,-1254,-1241,-1234,-1340,-1332,-1326,-1319,-2812,-2808,-2803,-2076,-0.999,-0.999,-0.999,-0.999,-0.999,-0.999,-0.999,-3031,-3029,-3026,-3024,-2492,-2490,-2489,-2483,
1821005,-174,-158,-155,-152,-126,-123,-121,-260,-240,-200,-129,-187,-206,-200,-195,-218,-177,-193,-189,-315,-309,-306,-336,-280,-87,-234,-139,-126,-135,-132,-117,-114,-109,-105,
1821006,-194,-190,-184,-168,-161,-159,-145,-186,-259,-267,-206,-258,-249,-243,-275,-181,-148,-155,-142,-352,-348,-345,-340,-312,-286,-282,-255,-239,-232,-230,-233,-242,-279,-261,
1821007,-186,-182,-177,-171,-157,-148,-142,-913,-900,-1054,-1045,-1034,-1025,-1006,-997,-1790,-1787,-1781,-1777,425575,425578,425581,425585,425588,425595,425599,-2009,-2006,-2002,-2001,-2208,-2206,-2203,-2193,
1821009,-275,-264,-261,-259,-250,-248,-246,-209,-188,-252,-196,-307,-312,-317,-300,-160,-152,-138,-148,-338,-333,-324,-316,-307,-296,-290,-277,-273,-261,-259,-454,-452,-448,-444,
1821012,-337,-331,-318,-311,-301,-287,-285,-195,-263,-239,-230,-172,-169,-233,-216,-156,-164,-152,-137,-343,-338,-333,-327,-244,-210,-208,-185,-173,-163,-157,-245,-243,-238,-228,
1821014,-159,-155,-152,-147,-142,-139,-128,92,103,110,113,46,53,58,62,-144,-141,-137,-135,-253,-87,-85,-11,87,90,92,10,11,14,15,10,10,13,19,
1821016,-155,-122,-116,-111,-107,-101,-90,-237,-226,-215,-176,-177,-207,-219,-156,-196,-210,-225,-167,-388,-378,-373,-367,-311,-261,-182,-177,-167,-157,-151,-34,-26,-19,-14,
1821020,-226,-221,-216,-203,-197,-189,-175,-455,-345,-301,-339,-264,-272,-269,-249,-243,-233,-177,28,-293,-289,-284,-271,-251,-238,-234,-199,-193,-175,-169,-363,-359,-355,-349,
1821021,-5190,-5186,-5182,-5168,-5161,-5155,-5149,-6437,-6410,-6419,-6428,-6532,-6538,-6512,-6522,-7198,-7195,-7176,-7172,-7287,-7284,-7262,-7276,-7274,-7255,-7272,-7168,-7122,-7119,-7139,-7211,-7221,-7218,-7228,
1821026,-1384,-1381,-1350,-1376,-1342,-1337,-1044,-953,-945,-999,-965,-833,-836,-851,-841,-529,-523,-508,-396,-445,-425,-441,-435,-419,-286,-280,-354,-347,-332,-286,-341,-338,-335,-332,
1821027,-182,-157,-104,-65,-47,-27,-23,26,153,75,80,17,26,35,58,10,15,27,31,-171,-167,-156,-128,-96,-55,-52,9,13,17,18,9,12,16,24,
1821028,-178,-134,-131,-162,-109,-100,11,22,27,32,36,12,20,26,34,-140,-52,-47,-42,-269,-266,-260,-256,-236,-230,-227,-214,-210,-205,-203,-402,-399,-396,-390,
1821029,-334,-344,-341,-338,-325,-320,-306,-198,-190,-166,-155,-267,-243,-277,-271,-601,-612,-592,-607,-750,-705,-726,-721,-692,-639,-636,-822,-817,-807,-792,-1001,-1000,-997,-996,
1821032,-306,-301,-289,-279,-272,-267,-240,12,19,26,39,81,88,95,101,-291,-256,-270,-259,-435,-406,-432,-427,-423,-420,-417,-484,-471,-456,-445,-613,-607,-602,-600,
1821033,-198,-189,-187,-185,-167,-163,-152,-80,-249,-226,-86,-44,-49,-119,-284,-289,-253,-233,-237,-350,-345,-333,-327,-295,-282,-279,-444,-426,-405,-394,-780,-776,-773,-770,
1821034,-175,-170,-165,-151,-147,-142,-140,-109,-105,-145,-102,-52,-69,-75,-100,-17,-9,-4,9,-210,-204,-197,-184,-175,-68,-62,-106,-27,-24,-22,-230,-228,-225,-222,
1821035,-354,-340,-332,-242,-238,-233,-225,47,57,71,77,46,50,54,58,-208,18,24,29,-130,-128,-117,-115,-105,-102,-101,-201,-194,-183,-179,-9,-8,-5,-3,
1821039,-340,-336,-332,-312,-296,-292,-291,-328,-285,-161,-125,-150,-249,-128,-119,-277,-247,-234,-190,-417,-413,-395,-409,-348,-331,-328,-279,-274,-308,-317,-474,-468,-466,-461,
1821040,-992,-977,-970,-964,-950,-927,-916,-2140,-2140,-2131,-2125,-2141,-2141,-2160,-2167,-2883,-2882,-2872,-2879,-3074,-3055,-3053,-3046,-3045,-3042,-3015,-3089,-3086,-3083,-3082,-3218,-3216,-3214,-3202,
1821045,-136,27,32,37,-63,43,46,78,87,-208,-233,11,26,21,33,-76,-121,-65,-26,-205,-200,-173,-169,-123,18,21,25,119,121,100,-49,-46,6,-55,
1821054,-175,-172,-151,-147,-130,-124,-72,-137,-120,-132,-249,-325,12,18,30,-128,-138,-142,-125,-316,-313,-310,-304,-287,-57,-52,-258,-76,-93,-100,-36,-35,-31,-43,
1821055,-312,-299,-293,-290,-282,-274,-258,-298,-54,-219,-129,-154,-84,-79,-72,-283,-223,-241,-227,23,30,27,36,65,135,138,146,153,163,166,-641,-636,-633,-629,
1821058,587115,587118,587122,587125,587127,587131,587138,585702,585708,585717,585720,585584,585588,585592,585595,584881,584884,584890,584893,-0.999,-0.999,-0.999,-0.999,-0.999,-0.999,-0.999,584658,584660,584667,584671,584463,584466,584470,584472,
1821061,-135,-105,-99,-93,-68,-64,-51,45,60,77,110,39,49,62,72,30,33,43,48,103,105,106,108,108,109,110,95,96,96,96,-29,-22,-20,0,
1821063,-57,-55,-52,-49,-47,-45,-41,-259,-256,-251,-246,-378,-374,-372,-369,-148,-146,-143,-141,-356,-342,-339,-234,-271,-264,-261,-226,-224,-221,-220,-412,-412,-409,-408,
1821066,-4066,-4057,-4054,-4051,-4044,-4036,-4034,-5306,-5368,-5363,-5358,-5422,-5418,-5412,-5396,-6159,-6150,-6154,-6148,-6379,-6335,-6338,-6374,-6329,-6266,-6263,-6236,-6234,-6247,-6254,-6437,-6434,-6432,-6429,
1821068,-165,-158,-155,-144,-123,-122,-113,-177,-145,-98,-61,-169,-157,-151,-108,-164,-146,-142,-138,-285,-280,-264,-256,-236,-198,-191,-158,-85,-58,9,-164,-161,-158,-154,
1821071,23,-164,-159,-156,27,32,35,11,19,25,31,5,12,17,20,14,19,25,31,7,22,17,30,25,37,41,52,57,60,85,6,9,12,14,
1821072,-350,-344,-337,-311,-305,-301,-223,-289,-271,-325,-282,-322,-338,-346,-326,-515,-508,-485,-436,-626,-618,-610,-581,-598,-558,-555,-648,-525,-520,-514,-716,-709,-704,-702,
1821073,-967,-959,-953,-947,-936,-927,-923,-2122,-2111,-2104,-2096,-104,-94,-86,-67,-2611,-2602,-2593,-927,-1114,-1109,-1074,-1071,-1067,-935,-932,-1147,-1144,-1135,-1126,-1139,-1133,-1127,-1121,
1821074,-6077,-6072,-6063,-6052,-6028,-6023,-6018,-7306,-7233,-7220,-7208,-7276,-7270,-7262,-7241,-7217,-7209,-7202,-7196,-7374,-7227,-7226,-7322,-7221,-7217,-7204,-7394,-7391,-7386,-7385,-7406,-7363,-7361,-7397,
1821075,-360,8,13,17,19,24,28,13,36,45,52,30,36,39,42,130,142,147,194,12,26,15,19,21,29,32,35,38,41,42,35,44,51,39,
1821076,-176,-166,-163,-160,-158,-141,-138,60,65,73,76,29,37,45,52,16,20,24,27,38,41,43,35,45,49,52,23,25,28,30,-17,-13,-11,-6,
1821077,-179,-161,-158,-155,-146,-143,-121,-223,32,-162,36,30,38,45,52,-181,-174,-162,-158,-130,-127,-120,-105,-43,33,36,-35,-26,-8,15,-45,-18,-15,-9,
1821078,-5857,-5852,-5844,-5824,-5814,-5810,-5805,-7223,-7175,-7175,-7170,-7162,-7149,-7142,-7134,-7885,-7921,-7905,-7837,-8004,-7947,-7939,-7831,-7827,-7209,-7206,-8071,-8068,-8063,-8050,-7361,-7676,-7357,-7391,
1821079,558188,558192,558205,558211,558225,558231,558239,557091,557086,556946,556913,592987,593001,593014,593025,556390,556375,556326,556301,556245,591935,591941,591952,591970,592026,592030,556159,556182,556186,556190,591826,591828,591832,591845,
1821080,591373,591375,591378,591381,591385,591388,591391,590260,590264,590269,590272,590399,590402,590409,590412,590058,590060,590067,590076,589869,589873,589874,589877,589877,589880,589882,589855,589857,589859,589859,589681,589683,589685,589696,
1821081,-19,55,78,84,92,99,104,32,145,165,182,47,59,69,78,-319,-310,-305,-282,-480,-475,-468,-461,-454,-447,-442,-506,-499,-495,-493,164,167,174,182,
1821084,-96,-91,-86,-74,-14,164,170,-1018,-1012,-990,-986,-1107,-1088,-1079,-1075,-1553,-1550,-1542,-1537,-1733,-1731,-1730,-1728,-1726,-1723,-1720,-1771,-1765,-1760,-1745,-1798,-1795,-1791,-1778,
1821085,-179,-174,-171,-164,-159,-156,-149,-206,-201,-161,-141,-105,-115,16,-100,-135,13,-52,16,31,34,35,37,38,42,43,21,22,23,23,5,5,8,9,
1821086,420874,420876,420878,420880,420889,420891,420894,419461,419484,419491,419494,419359,419419,419426,419440,418607,418608,418613,418615,418416,418418,418420,418422,418423,418426,418428,418386,418388,418396,418404,418228,418228,418231,418234,
1821087,-179,-170,5,8,10,15,19,-15,6,9,13,7,12,20,19,-135,-132,-128,-121,-295,-291,-279,-279,-242,-228,-220,-195,-188,-126,-101,-17,-12,-7,-7,
1821088,589757,589762,589766,589783,589798,589803,589807,588568,588627,588618,588605,588576,588582,588566,588571,587939,587941,587951,587944,587733,587736,587741,587747,587762,587797,587803,587855,587867,587870,587871,587692,587697,587699,587703,
1821090,507817,507820,507827,507861,507867,507871,507883,506687,506626,506636,506643,506603,506610,506563,506569,506911,506931,506940,506950,506736,506746,506755,506761,506768,506780,506774,506791,506794,506796,506799,506612,506619,506615,506621,
1821093,-3996,-3980,-3977,-3974,-3968,-3962,-3958,-5316,-5303,-5300,-5293,-5414,-5418,-5298,-5283,-6079,-6076,-6072,-6062,-6293,-6290,-6288,-6284,-6250,-6245,-6243,-6241,-6237,-6234,-6232,-6441,-6439,-6436,-6434,
1821096,-184,-163,-146,-157,-132,-127,-119,-114,-110,-103,-95,9,27,41,51,-181,-150,-141,-11,-153,-130,-123,-62,-34,-2,7,42,52,62,86,-49,-45,-42,-37,
1821097,-220,-198,-192,-186,-172,-149,-143,-269,-254,-223,-251,16,37,-149,-147,-453,-504,-475,-431,-658,-586,-647,-638,-602,-534,-526,-448,-456,-472,-515,-647,-645,-642,-633,
1821098,546481,546496,546514,546531,546577,546583,546588,545699,545729,545739,545748,545663,545670,545685,545692,544994,544999,545009,545013,544823,544831,544833,544842,544843,544813,544849,544857,544861,544863,544864,544686,544699,544702,544705,
1821099,25621,25626,25630,25640,25646,25653,25655,24382,24405,24413,24423,24300,24308,24316,24324,23559,23564,23575,23580,23355,23359,23376,23382,23386,23410,23414,23487,23493,23496,23498,23319,23323,23328,23333,
1821101,-109,-103,-97,-92,-89,-84,-77,-62,-58,-21,-12,26,33,45,56,61,65,73,80,30,68,37,8,55,45,50,-147,-142,-139,-137,-13,-9,0,14,
1821102,-289,-283,-276,-272,-265,-259,-246,-295,-186,-284,-330,-281,-314,-310,-306,-302,-299,-293,-287,-904,-899,-895,-885,-848,-773,-770,-752,-719,-739,-747,-910,-908,-904,-899,
1821104,-2,9,12,15,18,34,30,-194,30,-253,-204,7,13,19,26,-607,-625,-616,-531,-765,-761,-758,-751,-730,-607,-604,-581,-561,-558,-557,-1035,-1033,-1030,-1021,
1821105,385,394,396,399,420,423,424,867,713,738,762,735,739,748,752,-88,-77,-72,-68,159,180,165,167,168,172,174,144,147,151,152,-13,-10,-7,-4,
1821106,14,18,22,26,30,38,44,81,85,178,205,66,71,77,83,-125,-91,-79,-24,63,79,65,68,69,73,74,52,55,56,57,-32,-29,-27,-23,
1821107,-190,-144,-148,-175,-164,-161,-158,-321,-306,-282,-221,-128,-115,-111,-100,-567,-545,-540,-527,-403,-398,-394,-383,-338,-307,-305,-252,-242,-261,-258,-357,-354,-352,-349,
1821108,-1213,-1201,-1195,-1187,-1182,-1175,-1172,-2419,-2388,-2405,-2417,-2423,-2418,-2437,-2432,-3157,-3152,-3142,-3147,-3324,-3300,-3322,-3303,-3298,-3295,-3290,-3367,-3363,-3359,-3357,-3264,-3262,-3260,-3252,
1821111,-1122,-1117,-1113,-1100,-1096,-1091,-1082,-2410,-2334,-2339,-2326,-2395,-2387,-2408,-2382,-3162,-3115,-3140,-3112,-3265,-3263,-3261,-3254,-3233,-3218,-3212,-3340,-3337,-3327,-3325,-3404,-3400,-3398,-3392,
1821119,1511,1515,1519,1525,1558,1538,1501,516,545,557,565,504,495,478,485,190,202,208,211,-0.999,-0.999,-0.999,-0.999,-0.999,-0.999,-0.999,71,76,81,82,147,149,152,155,
1821120,-166,-160,-155,-152,-135,-141,-105,-182,-177,-290,-134,-315,-403,-392,-346,-147,-143,-169,-164,6,3,8,23,17,60,63,-89,-77,-59,-47,-44,-40,-21,-13,
1821121,-2161,-2159,-2144,-2142,-2136,-2133,-2133,-3510,-3494,-3490,-3487,-3598,-3593,-3590,-3586,-4355,-4344,-4339,-4327,-4536,-4533,-4530,-4526,-4501,-4496,-4493,-4481,-4479,-4477,-4475,-4641,-4640,-4637,-4633,
1821122,-178,-175,-170,-166,-159,-153,-144,16,85,25,33,265,267,212,274,66,71,79,88,-54,-31,-22,-19,14,17,19,-142,-137,-135,-134,-153,-150,-147,-138,
1821123,10,15,19,25,31,35,44,161,183,190,194,58,64,69,76,-136,-133,-126,-121,15,19,23,27,31,35,39,-75,46,50,51,-146,-144,-141,-136,
1821127,-166,-163,-161,-155,-154,-150,-147,-212,-204,-200,-197,-330,-321,-314,-309,-253,-242,-237,-230,-453,-442,-446,-444,-441,-438,-435,-467,-465,-463,-461,-620,-616,-615,-613,
1821130,-174,-154,-151,-147,-104,-99,-127,-309,-216,-306,-266,233,227,183,187,-236,-254,-145,-249,-74,23,18,27,30,35,39,-104,-102,-92,-86,-667,-664,-660,-653,
1821131,-1609,-1606,-1599,-1596,-1579,-1508,-1494,-1347,-1594,-1638,-1627,-1436,-1444,-1449,-1634,-3394,-3385,-3366,-2137,-501,-499,-489,-484,-482,-448,-442,-3542,-3538,-3535,-3534,-2574,-2568,-2565,-2561,
1821132,-190,-187,-180,-163,-160,-151,-144,-263,-251,-221,-248,-221,-216,-211,-208,-75,47,55,62,-129,-105,-95,-88,-82,-49,-47,-33,-21,-17,-14,-193,-191,-188,-183,
1821133,563,566,569,576,585,589,594,-762,-731,-738,-746,-831,-829,-843,-838,-1558,-1554,-1544,-1551,-1724,-1714,-1720,-1726,-1607,-1636,-1493,-1769,-1765,-1762,-1761,-1666,-1665,-1662,-1660,
1821134,478,482,486,537,498,502,507,29,63,73,89,21,26,34,40,-165,56,63,72,2,36,9,15,19,24,28,60,69,90,118,-444,-19,-16,-10,
1821136,79933,79937,79940,79945,79949,79959,79962,78572,78581,78588,78593,78457,78468,78473,78478,77677,77682,77694,77699,77480,77483,77486,77489,77492,77495,77498,77463,77467,77471,77473,77286,77289,77294,77298,
1821137,-20293,-20288,-20282,-20277,-20270,-20257,-20252,-21564,-21552,-21568,-21576,-21571,-21562,-21609,-21621,-22321,-22309,-22311,-22306,-22378,-22362,-22358,-22369,-22351,-22348,-22345,-22532,-22530,-22528,-22495,-22679,-22677,-22675,-22683,
1821138,599863,599865,599859,599875,599877,599885,599886,598418,598424,598438,598441,598301,598308,598316,598321,597492,597494,597499,597501,597278,597284,597283,597285,597285,597287,597288,597264,597267,597268,597272,597073,597074,597077,597080,
1821139,-178,-175,-172,-77,-151,-146,-141,-237,-267,-258,-249,37,43,57,62,-174,-166,-142,-137,-98,-95,-93,-88,-75,-69,-67,-121,-119,-107,-107,-32,-24,-14,18,
1821140,-613,-594,-585,-560,-552,-510,-508,-1735,-1637,-1599,-1628,-1534,-1527,-1512,-1487,-2238,-2214,-2173,-2151,-2288,-2284,-2278,-2269,-2247,-1999,-1994,-2388,-2351,-2325,-2306,-2025,-1947,-1943,-2120,
1821141,-978,-972,-971,-967,-964,-960,-959,-660,-595,-643,-669,-730,-663,-722,-672,-228,-200,-189,-182,-408,-402,-384,-395,-335,-328,-325,-323,-319,-316,-311,-517,-502,-499,-496,
1821142,-165,-163,-103,-100,-144,-135,-125,-260,-210,-229,-217,-203,-233,-135,-195,-155,-127,-144,-124,-330,-326,-314,-308,-292,-284,-278,-343,-251,-248,-247,-449,-447,-444,-443,
1821145,-307,-303,-296,-288,-281,-274,-235,-273,32,-254,-260,92,103,106,110,16,20,25,29,-12,31,34,40,43,50,54,-3,12,15,19,78,81,85,91,
1821147,-219,-204,-200,-194,-161,-156,-145,13,29,42,47,7,17,21,27,-121,-112,-103,-108,5,15,18,20,23,26,29,-109,-107,-105,-101,-154,-153,-151,-146,
1821148,-194,-190,-187,-184,-181,-177,-174,-233,-221,-213,-210,6,10,18,24,-181,-179,-174,-158,-94,-90,-87,-83,-81,-75,-73,-129,-125,-123,-122,-36,-33,-22,-19,
1821150,-94,-111,-105,-102,-90,-86,-82,36,42,72,77,23,29,37,48,-236,-142,-131,-63,101,127,106,110,113,117,121,87,89,93,95,-27,-22,-19,-14,
1821152,-184,-173,-169,-165,-145,-148,-136,-244,-37,-216,-61,22,27,33,40,-154,-92,-108,-96,7,9,9,12,11,15,17,19,20,20,21,-33,-26,-25,-21,
1821154,-139,-132,-121,-117,-109,-82,-77,329,338,349,353,216,222,231,237,-60,-56,-48,-42,-261,-257,-255,-253,-250,-248,-246,-243,-239,-234,-232,-441,-436,-433,-424,
1821155,506658,506661,506667,506786,506790,506795,506798,505497,505503,505547,505552,505417,505423,505432,505513,504706,504710,504716,504721,504505,504509,504512,504515,504518,504521,504525,504489,504492,504497,504499,504313,504316,504321,504326,
1821156,44,50,55,58,62,68,71,1147,1159,1165,1170,1034,1043,1054,1061,297,301,306,310,125,126,127,110,112,115,118,86,88,91,92,-37,-35,-30,-28,
1821158,520626,520629,520632,520640,520643,520646,520649,519339,520687,520706,520712,520576,520581,520590,520600,519816,519818,519826,519829,519609,519613,519615,519618,519619,519621,519624,519595,519598,519600,519601,519413,519414,519417,519430,
1821159,-182,-152,-145,-142,-126,-123,-121,-332,-314,-328,-44,-153,30,33,39,-156,-145,-137,-87,-281,-278,-275,-269,-223,-205,-202,-192,-183,-174,-167,-325,-323,-313,-310,
1821160,-182,-180,-148,-143,-140,-172,-128,-210,-241,-218,-177,-230,-208,-243,-201,-113,-83,-144,-120,-266,-251,-262,-255,-88,12,14,-233,-137,-132,-112,-139,-137,-135,-131,
1821163,8,-350,16,19,22,24,26,40,49,57,60,11,35,39,43,49,52,55,59,-123,-120,-117,-111,-95,-50,-47,-39,-11,-7,-6,-9,-3,-1,0,
1821166,