時間
1229,1230,1231,1232,1233,1234,1235,1260,1261,1262,1263,1264,1265,1266,1267,1282,1283,1284,1285,1286,1287,1288,1294,1295,1296,1297,1298,1299,1300,1301,1303,1304,1305,1306,
-999,-999,-999,-999,-999,-999,-999,-999,-999,-999,-999,-999,-999,-999,-999,-999,-999,-999,-999,-999,-999,-999,-999,-999,-999,-999,-999,-999,-999,-999,-999,-999,-999,-999,
1721027,0,0,1,0,0,0,0,1,1,0,0,1,0,0,0,0,0,0,1,1,0,0,0,1,0,0,0,0,0,0,0,0,0,0,
1821001,1,0,1,0,0,1,1,1,1,0,0,0,0,0,0,0,0,1,1,1,0,0,0,0,0,0,0,0,0,0,0,0,0,0,
1821002,0,0,0,0,0,0,0,0,0,0,0,0,0,0,0,0,0,0,0,0,0,1,0,0,0,0,1,1,0,0,0,0,0,0,
1821004,0,0,0,0,0,0,0,1,0,0,0,0,0,0,0,-999,-999,-999,-999,-999,-999,-999,0,0,0,0,0,0,0,0,0,0,0,0,
1821005,0,0,0,0,0,0,0,0,1,0,0,0,0,0,0,0,0,0,1,1,1,1,1,1,0,1,0,0,0,1,0,0,0,1,
1821006,0,0,1,0,0,0,0,0,0,0,0,0,0,0,0,0,0,0,1,1,0,0,0,0,0,1,1,0,0,0,0,0,0,0,
1821007,0,0,0,0,0,0,0,0,0,0,0,0,0,0,0,0,0,0,0,0,0,0,0,0,0,0,0,0,0,0,0,0,0,0,
1821009,0,0,0,0,0,0,0,0,0,1,0,0,0,0,0,0,0,0,0,1,0,0,0,1,0,0,0,0,1,0,0,0,0,0,
1821012,0,0,0,0,0,0,0,1,1,0,1,0,0,1,1,0,1,0,1,1,0,0,0,1,1,0,0,0,0,1,0,0,1,0,
1821014,0,0,0,0,0,0,0,0,0,0,0,1,0,0,0,0,1,1,1,0,0,0,0,0,0,0,0,0,0,0,0,0,1,0,
1821016,0,0,0,0,0,0,0,0,1,0,0,1,0,0,0,0,0,0,1,1,1,0,0,0,0,0,0,0,0,0,1,0,0,0,
1821020,0,0,1,1,0,1,0,1,1,0,1,0,0,0,0,0,0,0,0,0,0,0,0,0,0,1,1,0,1,0,0,0,0,0,
1821021,0,0,1,0,0,0,0,0,0,0,0,0,0,0,0,0,0,0,0,0,0,0,0,0,0,0,0,0,0,1,0,0,0,0,
1821026,0,0,0,1,0,0,0,0,1,0,0,0,1,0,0,0,0,0,0,1,0,0,0,1,1,0,1,1,0,0,0,0,0,0,
1821027,0,1,0,0,1,0,0,0,0,0,0,0,0,0,1,0,0,1,1,1,0,0,0,0,0,0,0,0,0,0,0,0,0,0,
1821028,0,0,0,1,1,0,0,0,0,0,0,0,0,0,0,0,0,0,1,0,0,0,0,0,0,1,0,0,0,0,0,0,0,0,
1821029,0,0,0,0,0,0,0,1,1,0,0,0,0,0,0,1,0,0,1,1,0,0,0,1,1,1,0,0,0,0,0,0,0,0,
1821032,0,0,1,0,0,0,0,0,0,1,0,0,0,0,0,0,0,0,0,0,0,0,0,1,0,0,0,1,0,0,0,0,0,0,
1821033,0,0,0,1,0,0,0,1,0,0,1,0,0,0,0,0,1,1,1,0,0,0,0,1,1,1,1,1,0,0,0,0,0,0,
1821034,0,0,1,0,0,0,0,0,1,0,0,0,0,0,1,0,0,0,0,1,0,0,0,0,0,0,0,0,0,0,0,0,0,0,
1821035,1,1,1,0,0,0,1,1,1,0,0,0,0,0,0,0,0,0,1,0,0,0,0,1,1,0,0,0,0,0,0,0,0,0,
1821039,0,0,1,0,0,0,0,1,1,0,0,0,1,0,0,0,1,0,1,1,0,0,0,0,1,1,0,0,0,1,0,0,0,0,
1821040,0,0,0,0,0,0,0,1,0,0,0,0,0,0,0,1,0,0,0,0,1,0,0,0,0,1,0,0,0,0,0,0,0,0,
1821045,1,0,0,0,0,0,1,0,0,1,1,0,0,0,0,0,1,0,1,1,0,0,1,0,0,1,1,0,0,1,0,0,0,0,
1821054,0,1,0,1,0,1,0,1,1,1,1,1,0,1,0,0,0,0,1,1,1,0,1,0,1,1,0,0,1,1,0,0,0,0,
1821055,0,0,0,0,0,0,1,0,0,0,0,1,0,0,1,0,0,0,1,1,0,0,0,1,0,0,0,0,0,0,0,0,0,0,
1821058,0,0,0,0,0,0,0,0,1,0,0,0,0,0,0,-999,-999,-999,-999,-999,-999,-999,0,0,1,0,1,0,0,0,0,0,0,0,
1821061,1,0,1,0,0,0,0,0,0,0,1,0,0,0,0,0,0,0,0,0,0,0,0,0,0,0,1,0,0,0,0,0,0,1,
1821063,0,0,0,0,0,0,0,0,0,0,0,0,0,0,0,0,0,0,0,0,0,0,0,0,0,0,0,0,0,0,0,0,0,0,
1821066,0,0,0,0,0,0,0,0,0,0,0,0,0,1,0,0,0,0,1,1,0,0,0,0,1,0,0,0,0,0,0,0,0,0,
1821068,0,0,0,0,0,0,0,0,1,0,0,0,0,0,0,0,1,0,1,1,0,0,1,1,1,0,0,0,0,1,0,0,0,0,
1821071,0,0,0,0,0,0,0,0,0,0,0,0,0,0,0,0,0,0,0,0,0,0,0,0,1,0,0,0,1,0,0,0,0,0,
1821072,0,0,1,0,0,0,0,0,0,0,1,0,0,1,0,0,1,0,0,1,0,0,1,0,1,1,1,1,0,0,0,0,0,0,
1821073,0,0,0,0,0,0,0,1,0,0,0,0,0,0,0,1,1,0,0,1,0,0,0,0,0,1,0,0,1,0,0,0,0,0,
1821074,0,0,1,1,0,0,0,1,1,1,0,0,0,1,0,1,0,0,1,0,1,0,0,0,0,0,0,0,1,0,1,1,0,0,
1821075,0,0,0,0,0,0,0,0,0,0,0,0,0,0,0,0,0,0,0,0,0,0,0,0,0,1,0,1,0,0,0,1,0,0,
1821076,0,0,0,0,0,0,0,0,0,0,0,0,0,0,0,0,0,0,0,0,0,0,0,0,0,0,0,0,0,0,0,0,0,0,
1821077,0,0,0,0,0,1,0,1,0,0,0,0,0,0,0,0,0,0,1,1,0,0,0,1,1,0,0,0,0,0,1,0,0,0,
1821078,0,0,1,0,0,0,0,1,1,0,1,0,0,0,0,1,1,1,1,1,0,0,0,0,1,1,0,1,0,0,0,1,0,0,
1821079,0,0,0,0,0,0,0,1,1,1,0,0,0,0,0,1,0,0,0,0,0,0,1,0,0,0,0,0,0,0,0,0,0,1,
1821080,0,0,0,0,0,0,1,0,0,0,0,0,0,0,0,0,0,0,1,0,0,0,0,0,0,0,0,0,0,0,0,0,1,0,
1821081,0,0,0,0,0,0,1,0,1,0,0,0,0,0,0,0,0,0,0,0,0,0,0,1,0,1,0,1,0,0,0,0,0,1,
1821084,0,0,0,0,0,0,0,0,1,0,0,0,0,0,0,0,0,0,0,0,0,0,0,0,1,0,0,0,0,0,0,0,0,0,
1821085,0,0,1,0,0,0,1,0,1,0,1,1,0,0,1,0,0,0,1,0,0,0,0,0,0,1,0,1,0,0,0,0,0,0,
1821086,0,0,0,0,0,0,0,0,0,0,0,0,0,1,0,0,0,0,0,0,0,0,0,0,0,0,0,0,0,0,0,0,0,0,
1821087,1,0,0,0,0,0,0,1,0,0,0,0,0,0,0,0,0,0,1,0,1,0,1,1,1,0,0,0,0,0,0,0,0,0,
1821088,0,0,1,0,0,0,0,1,0,0,1,1,0,0,0,0,0,0,0,1,0,0,0,0,0,0,0,0,0,0,0,0,0,0,
1821090,0,0,0,0,0,0,0,0,1,1,0,1,0,0,0,0,0,0,0,0,0,0,0,0,0,1,0,0,0,0,0,0,0,0,
1821093,0,0,0,0,0,0,0,0,0,1,0,0,0,0,0,0,0,0,1,0,0,0,0,0,0,0,0,0,0,0,0,0,0,0,
1821096,1,0,0,0,0,0,0,1,0,0,1,0,0,0,0,0,0,0,1,0,0,0,0,0,0,1,0,0,0,0,0,0,0,0,
1821097,0,0,0,0,1,0,1,0,1,0,0,1,0,1,1,0,0,0,1,1,0,0,0,1,1,1,0,1,0,1,0,0,0,0,
1821098,0,0,0,0,0,0,0,0,0,0,0,0,0,0,0,0,0,0,0,0,0,0,0,0,0,0,0,0,0,0,0,0,0,0,
1821099,0,0,0,0,0,0,0,0,0,0,1,0,0,0,0,0,0,0,0,0,0,0,1,0,0,0,0,0,0,0,0,0,0,0,
1821101,0,0,0,0,0,0,0,1,0,0,0,0,0,0,1,0,0,0,1,0,0,0,0,0,0,0,0,0,0,0,0,0,0,0,
1821102,0,0,0,0,0,0,0,1,0,0,1,0,0,0,1,0,0,0,1,1,0,0,0,0,1,0,0,0,0,0,0,0,0,0,
1821104,0,0,0,0,0,0,0,0,0,0,1,0,0,0,0,0,0,0,1,1,0,0,1,0,0,1,0,0,0,0,0,0,0,0,
1821105,0,0,0,0,0,0,0,0,1,0,1,0,0,0,0,1,1,0,0,0,0,0,0,0,0,0,0,0,0,0,0,0,0,0,
1821106,0,0,0,0,1,0,0,0,1,0,0,0,0,0,0,0,0,0,0,0,0,0,0,0,0,1,0,0,0,0,0,0,0,0,
1821107,0,0,0,0,0,0,0,0,1,0,1,1,0,0,1,1,0,0,0,1,0,0,0,0,1,1,0,1,0,0,0,0,0,0,
1821108,0,0,0,0,0,0,0,1,1,0,1,0,0,0,0,1,1,1,1,1,1,1,0,0,0,0,0,0,0,0,1,1,1,0,
1821111,0,0,1,0,0,0,0,1,1,0,1,1,0,1,0,0,0,0,1,1,0,0,0,0,0,1,0,0,0,0,0,0,0,0,
1821119,0,0,0,1,0,0,0,1,1,0,0,0,0,0,0,-999,-999,-999,-999,-999,-999,-999,0,0,0,1,1,0,0,0,0,0,0,0,
1821120,0,0,1,0,0,0,1,1,1,0,1,0,0,0,0,0,0,0,1,1,0,0,0,1,0,1,0,0,0,0,0,1,1,0,
1821121,0,0,0,0,0,0,0,1,0,0,0,1,0,0,0,0,0,0,1,0,1,0,0,0,0,1,0,0,0,0,0,0,0,0,
1821122,0,0,0,0,0,0,0,1,0,0,0,1,0,1,1,1,1,1,1,0,0,0,0,0,0,0,0,0,0,0,0,0,0,0,
1821123,0,0,0,0,0,1,0,1,0,0,0,0,0,0,0,1,0,1,0,0,0,0,1,0,0,0,0,0,0,0,0,0,0,0,
1821127,0,0,0,0,0,0,0,0,0,0,0,1,1,0,0,0,0,0,0,0,0,0,0,0,0,0,0,1,0,0,0,0,0,0,
1821130,0,0,0,0,0,0,1,1,1,0,0,1,1,1,1,1,1,0,0,0,0,0,0,1,0,1,1,0,1,0,0,0,0,0,
1821131,1,0,0,0,0,0,0,0,0,0,0,1,0,0,0,0,0,0,0,0,0,0,0,0,0,0,0,1,0,0,0,0,0,0,
1821132,0,0,1,0,0,0,1,1,1,0,0,0,0,0,1,1,1,0,0,1,0,0,1,0,0,1,0,1,0,0,0,0,0,1,
1821133,0,0,0,0,0,0,0,1,0,0,0,0,0,0,0,0,1,1,1,1,1,0,0,0,0,0,0,0,0,0,0,0,0,0,
1821134,0,0,0,0,0,0,0,0,0,1,1,0,0,0,0,0,0,0,0,0,0,0,0,0,1,1,0,0,0,0,1,0,0,0,
1821136,0,0,0,0,0,0,0,0,0,0,0,0,0,0,0,0,0,0,0,0,0,0,0,0,0,0,1,0,0,0,0,0,0,0,
1821137,0,0,0,0,0,0,0,0,1,1,1,0,0,0,0,1,1,0,0,0,0,1,0,0,1,0,0,0,0,1,0,0,0,0,
1821138,0,0,0,0,0,0,0,0,1,0,0,0,0,0,0,0,0,0,0,0,0,0,0,0,0,0,0,0,0,0,0,0,0,0,
1821139,0,0,1,0,0,0,0,1,0,0,0,0,0,0,0,0,0,0,1,0,0,0,0,0,0,0,1,0,0,0,0,0,0,0,
1821140,0,0,1,0,0,0,1,1,1,0,1,0,0,1,0,0,1,0,1,1,1,0,1,1,1,1,1,0,0,0,1,0,0,0,
1821141,0,0,0,0,0,0,0,0,0,0,1,1,0,1,1,0,0,1,1,0,0,0,0,0,0,1,0,0,0,0,1,0,0,1,
1821142,0,0,0,0,0,0,1,1,1,0,1,1,1,0,1,0,1,0,1,0,0,0,1,0,0,0,0,0,0,0,0,0,0,0,
1821145,0,0,0,0,0,1,0,0,0,0,0,0,0,0,0,1,0,0,0,0,0,0,1,0,0,0,0,0,0,0,0,0,0,0,
1821147,0,0,0,0,0,0,0,1,0,0,0,0,0,0,0,0,0,0,0,0,0,0,0,0,0,1,0,0,0,0,0,0,0,0,
1821148,0,0,0,0,0,0,0,0,0,0,0,0,0,0,0,0,0,0,0,0,0,0,0,0,0,0,0,0,0,0,0,0,0,0,
1821150,0,0,0,1,0,0,1,0,1,0,0,0,0,0,0,0,0,0,0,0,0,0,0,0,0,1,0,0,0,0,1,0,0,1,
1821152,0,0,1,0,0,1,0,1,1,0,0,0,0,0,0,0,0,0,0,0,0,0,0,0,0,1,1,0,1,0,0,0,0,1,
1821154,0,0,0,0,0,0,0,0,0,0,0,0,0,0,0,0,0,0,0,0,0,0,0,0,0,0,0,0,0,0,0,0,0,0,
1821155,0,0,0,0,0,0,0,0,0,0,0,0,0,0,0,0,0,0,0,0,0,0,0,0,0,0,0,0,1,0,0,0,0,0,
1821156,0,0,0,0,0,0,0,0,0,0,0,0,0,0,0,0,0,0,0,0,0,0,0,0,0,0,0,0,0,1,0,0,0,0,
1821158,0,0,0,0,0,0,0,0,0,0,0,0,0,0,0,0,0,0,0,0,0,0,0,0,0,0,0,0,0,0,0,0,0,0,
1821159,1,0,0,0,0,0,0,0,1,1,0,1,0,0,0,0,0,0,1,1,0,0,0,1,1,0,0,1,1,0,0,1,0,0,
1821160,0,0,0,0,0,0,0,1,1,0,0,0,0,0,0,0,0,0,1,1,0,0,0,0,1,0,0,0,0,0,0,0,0,0,
1821163,0,1,0,0,0,0,0,0,0,0,0,1,0,0,0,0,0,0,1,1,0,0,0,0,0,0,0,0,0,0,1,0,0,0,
1821166,