操作数
06:00,06:01,06:02,06:03,06:04,06:05,06:06,06:07,06:08,06:09,06:10,06:11,06:12,06:13,06:14,06:15,06:16,06:17,06:18,06:19,06:20,06:21,06:22,06:23,06:24,06:25,06:26,06:27,06:28,06:29,06:30,06:31,06:32,06:33,06:34,06:35,06:36,06:37,06:38,06:39,06:40,06:41,06:42,06:43,06:44,06:45,06:46,06:47,06:48,06:49,06:50,06:51,06:52,06:53,06:54,06:55,06:56,06:57,06:58,06:59,07:00,07:01,07:02,07:03,07:04,07:05,07:06,07:07,07:08,07:09,07:10,07:11,07:12,07:13,07:14,07:15,07:16,07:17,07:18,07:19,07:20,07:21,07:22,07:23,07:24,07:25,07:26,07:27,07:28,07:29,07:30,
1721027,0,0,0,0,0,0,0,0,4,79,43,56,0,欠,0,0,0,90,65,59,30,0,3,0,46,0,0,78,92,3,105,0,0,2,21,91,103,46,1,1,0,0,0,33,0,17,1,12,52,0,42,55,63,欠,54,46,35,44,64,73,2,69,69,0,44,46,0,15,0,89,0,56,3,102,118,4,0,44,60,14,5,6,86,54,104,86,欠,0,29,13,欠,
1821001,0,0,2,0,0,0,0,0,5,118,29,0,81,0,1,3,84,38,0,23,77,0,9,41,35,46,67,50,1,22,91,0,1,0,27,95,40,0,1,1,0,0,0,0,0,52,21,74,1,64,100,71,87,0,0,0,0,0,0,0,66,0,59,88,117,55,13,0,1,72,103,53,90,127,71,0,0,68,10,0,2,0,0,0,0,40,113,40,欠,欠,欠,
1821002,0,0,0,8,7,21,31,75,31,9,26,0,43,0,4,0,0,104,108,10,0,69,105,28,30,8,3,104,121,15,13,112,1,0,3,55,83,2,6,0,0,0,0,1,40,8,41,0,63,0,4,76,81,31,80,37,65,47,欠,24,9,0,0,0,0,63,62,29,58,29,46,58,59,65,122,17,77,29,52,58,71,3,3,2,0,13,34,18,欠,欠,欠,
1821004,欠,欠,欠,欠,欠,欠,欠,欠,0,欠,53,128,78,17,0,16,0,63,99,0,82,38,4,0,31,138,80,0,0,0,欠,102,65,0,1,25,69,84,6,0,4,1,10,0,91,113,22,0,0,3,4,12,0,0,10,0,0,0,0,86,95,54,54,131,13,6,0,67,58,142,5,97,53,131,111,0,47,101,102,16,0,0,0,0,0,0,50,128,74,欠,欠,
1821005,0,0,0,0,0,0,5,6,0,52,71,10,64,0,2,2,49,91,2,2,83,31,0,49,86,31,50,88,38,0,42,76,13,0,0,68,36,2,10,1,1,0,0,0,31,3,59,0,115,71,61,78,59,22,0,0,0,76,5,0,17,93,3,114,5,84,14,0,0,15,76,79,0,106,135,4,26,56,35,65,75,70,81,70,0,0,65,60,1,0,欠,
1821006,欠,欠,欠,0,0,0,0,4,0,133,0,30,25,0,0,0,84,46,0,71,21,0,0,52,81,95,27,26,6,0,132,0,2,0,31,88,3,0,2,1,0,0,0,28,0,36,0,54,0,51,88,91,52,0,0,0,0,0,0,0,78,8,73,38,73,0,14,0,78,1,65,0,欠,欠,欠,欠,欠,欠,欠,欠,欠,欠,欠,欠,欠,欠,欠,欠,欠,欠,欠,
1821007,欠,欠,欠,欠,欠,欠,欠,欠,欠,欠,7,71,74,41,20,0,0,0,0,15,75,61,44,37,31,0,0,0,0,22,99,0,0,54,50,2,7,94,60,0,0,0,0,8,0,16,24,33,0,0,0,5,56,0,0,0,0,0,0,0,72,118,0,49,0,91,60,76,51,0,32,62,12,38,65,14,124,71,75,33,0,4,0,0,0,0,0,0,37,123,欠,
1821009,0,0,62,21,0,0,1,2,0,37,80,0,64,5,2,0,6,166,1,0,96,36,7,0,0,5,57,72,71,2,42,106,0,1,0,55,84,0,1,0,1,0,0,3,37,21,38,30,58,12,75,75,67,116,9,3,20,1,0,0,55,26,61,0,90,87,11,2,0,83,0,77,1,168,102,1,50,63,0,1,0,39,89,102,119,37,122,1,0,3,欠,
1821012,0,1,0,0,0,0,0,0,0,0,0,55,69,82,0,0,107,13,0,0,96,6,0,50,53,61,64,0,0,0,88,0,5,0,0,32,113,0,0,0,1,1,0,0,0,57,27,26,72,95,66,60,0,0,0,0,0,0,0,0,27,53,70,34,44,0,0,42,51,26,10,63,0,101,125,23,91,71,82,80,31,49,73,10,31,26,20,53,12,1,欠,
1821014,欠,欠,欠,欠,欠,欠,欠,欠,欠,欠,欠,179,50,0,0,8,170,0,0,77,93,0,0,0,3,131,65,168,27,0,114,5,0,0,23,126,0,0,0,1,0,17,0,0,0,0,116,61,16,149,134,160,2,0,0,0,0,0,5,0,99,1,64,20,66,37,17,0,0,114,33,66,172,82,2,0,65,79,2,0,0,0,0,0,0,0,180,153,0,欠,欠,
1821016,欠,欠,欠,欠,欠,欠,欠,欠,3,42,73,3,56,5,0,0,30,71,2,0,72,16,23,57,93,35,0,0,0,0,53,60,4,3,4,75,52,0,2,0,1,0,0,2,26,0,29,15,46,23,65,73,95,0,0,2,0,0,0,0,75,2,72,2,59,1,18,11,1,76,0,54,35,87,88,21,1,62,22,12,42,63,49,65,61,49,0,62,2,欠,欠,
1821020,欠,7,0,0,0,0,0,0,0,47,127,1,63,0,0,0,22,114,2,0,107,4,0,53,62,74,82,19,0,36,103,0,0,4,3,103,13,0,0,0,3,0,0,5,34,35,15,22,21,0,0,0,0,0,0,53,56,96,46,0,98,25,0,0,87,67,41,44,15,93,20,70,75,132,74,0,77,5,0,1,11,44,28,39,18,82,113,欠,45,欠,欠,
1821021,欠,欠,欠,欠,欠,欠,欠,欠,欠,欠,148,65,156,0,0,0,134,2,2,49,73,0,81,110,62,121,97,165,0,14,164,17,13,17,0,110,73,0,0,2,0,5,2,38,12,50,0,64,79,176,61,100,38,95,0,1,0,0,0,36,105,0,92,63,49,0,43,2,51,25,0,66,135,124,41,0,87,71,1,15,4,9,4,68,87,40,138,0,0,0,欠,
1821026,欠,欠,欠,12,0,0,0,0,1,69,96,0,101,10,0,0,49,128,0,0,129,0,5,48,116,78,0,0,0,4,119,22,1,4,2,132,0,3,0,0,7,2,0,2,33,21,29,43,23,33,78,112,109,6,0,19,0,0,3,0,97,38,54,0,85,5,15,0,0,127,0,78,41,235,126,106,112,120,84,84,64,74,55,94,0,59,欠,欠,欠,欠,欠,
1821028,0,4,4,0,0,0,0,0,1,0,120,4,133,73,0,0,119,55,0,0,111,39,1,124,58,63,欠,欠,93,40,0,84,0,1,1,25,欠,0,2,0,0,1,0,0,46,0,38,29,欠,24,138,欠,80,43,85,2,0,0,0,0,89,1,68,0,71,0,72,4,42,42,0,65,1,173,76,0,0,67,13,1,0,87,150,106,134,152,欠,23,4,欠,欠,
1821029,0,0,0,1,15,0,6,0,0,158,42,7,99,0,0,20,144,13,0,0,0,115,34,0,0,0,4,43,244,3,0,162,0,0,0,124,71,0,0,0,0,0,0,0,66,0,49,110,0,0,116,201,75,0,0,0,0,0,0,0,0,14,18,0,113,176,9,13,54,130,1,102,111,277,80,0,0,127,12,0,1,142,150,4,17,8,13,85,24,欠,欠,
1821032,欠,欠,欠,欠,欠,欠,欠,欠,欠,欠,欠,欠,欠,欠,欠,欠,欠,欠,欠,欠,欠,欠,欠,欠,欠,欠,欠,欠,欠,欠,欠,欠,欠,欠,欠,欠,欠,欠,欠,欠,欠,欠,欠,欠,欠,欠,欠,欠,欠,欠,欠,欠,欠,欠,欠,欠,欠,欠,欠,欠,欠,欠,欠,欠,欠,欠,欠,欠,欠,欠,欠,欠,欠,欠,欠,欠,欠,欠,欠,欠,欠,欠,欠,欠,欠,欠,欠,欠,欠,欠,欠,
1821033,0,0,0,2,0,5,1,9,0,123,0,12,57,0,5,0,140,0,0,66,42,0,24,112,73,72,58,15,2,23,68,0,1,0,56,87,0,0,1,3,0,0,0,77,13,40,0,56,0,76,128,欠,107,39,0,0,0,0,0,0,82,0,91,3,60,0,13,0,0,82,0,94,40,192,0,0,51,50,0,3,0,75,119,86,99,50,66,36,欠,欠,欠,
1821034,欠,欠,欠,欠,欠,欠,欠,欠,欠,3,118,0,61,0,1,0,17,116,10,1,66,52,0,51,72,12,9,2,117,0,85,6,0,0,1,6,129,0,0,0,1,0,0,0,39,0,0,41,53,0,2,0,0,0,0,0,0,0,100,138,159,78,0,0,0,0,9,23,83,49,72,1,欠,131,27,0,0,40,43,0,0,0,0,0,0,95,143,89,欠,欠,欠,
1821035,117,3,0,74,0,0,0,0,0,0,80,4,29,174,3,0,0,153,168,58,91,92,0,0,0,0,0,0,154,189,11,226,3,0,0,62,215,44,0,0,0,0,0,0,0,1,165,62,149,115,144,143,127,70,0,0,0,1,0,0,0,179,2,190,26,157,0,24,0,57,145,0,161,41,240,172,0,117,134,152,133,160,124,84,24,0,34,0,0,0,欠,
1821039,欠,欠,欠,欠,欠,2,0,0,0,111,3,0,86,0,0,0,137,3,0,78,23,0,2,1,1,0,0,118,30,0,167,1,0,1,25,107,0,0,0,0,0,0,0,41,0,38,5,54,89,76,92,37,欠,67,0,0,0,0,0,0,91,0,89,40,41,0,17,0,0,86,71,10,3,152,99,9,107,83,61,79,36,1,0,2,0,43,0,0,0,4,欠,
1821040,欠,欠,欠,欠,欠,欠,欠,欠,欠,欠,欠,欠,欠,欠,欠,欠,欠,欠,欠,欠,欠,欠,欠,欠,欠,欠,欠,欠,欠,欠,欠,欠,欠,欠,欠,欠,欠,欠,欠,欠,欠,欠,欠,欠,欠,欠,欠,欠,欠,欠,欠,欠,欠,欠,欠,欠,欠,欠,欠,欠,欠,欠,欠,欠,欠,欠,欠,欠,欠,欠,欠,欠,欠,欠,欠,欠,欠,欠,欠,欠,欠,欠,欠,欠,欠,欠,欠,欠,欠,欠,欠,
1821041,欠,欠,欠,欠,欠,欠,欠,6,6,128,27,19,28,3,0,2,111,4,0,54,51,0,0,72,84,102,18,10,0,25,88,0,1,0,0,134,0,0,0,2,0,0,0,0,54,63,4,69,0,102,165,69,0,0,18,15,23,9,7,11,94,0,97,38,46,2,12,0,82,0,1,64,10,247,60,1,97,0,1,0,16,170,137,126,1,0,17,1,1,欠,欠,
1821045,欠,欠,欠,欠,欠,欠,欠,欠,5,16,130,0,38,23,8,0,61,67,0,0,95,28,0,65,117,113,98,65,34,0,33,72,19,0,35,50,131,1,1,0,1,0,0,0,46,4,36,0,64,15,90,123,123,114,5,0,0,0,0,0,0,121,94,14,123,33,26,0,0,76,0,68,21,149,136,0,37,59,69,69,77,68,114,66,72,106,55,0,0,欠,欠,
1821054,欠,30,63,0,0,0,0,0,0,128,1,75,8,1,2,0,150,0,0,83,24,0,4,79,92,121,27,35,0,0,188,7,1,0,43,135,6,0,4,2,2,0,0,6,43,65,0,61,8,107,115,133,89,71,124,71,21,20,0,4,125,146,75,51,86,2,15,0,63,45,70,0,116,167,41,7,118,6,3,0,16,119,114,100,92,80,欠,欠,欠,欠,欠,
1821055,0,0,0,0,0,0,28,14,33,12,104,1,46,20,2,0,11,88,64,0,23,66,0,1,60,48,53,91,0,0,81,34,0,10,0,57,97,0,1,5,1,2,0,20,12,6,48,68,72,95,82,32,68,0,0,0,0,13,0,1,74,1,65,0,111,11,0,13,36,85,4,83,86,115,47,0,37,29,61,0,0,0,0,51,83,92,61,51,7,欠,欠,
1821063,欠,欠,欠,欠,欠,欠,欠,欠,1,13,226,3,87,2,0,0,0,198,57,0,136,0,0,32,65,76,105,149,0,0,129,24,31,0,0,135,152,0,0,0,0,0,0,0,47,0,69,17,110,43,207,164,181,26,0,0,0,0,0,0,150,0,92,106,96,0,60,0,27,147,40,101,147,275,68,0,157,163,129,0,93,151,0,0,0,0,0,0,0,11,欠,
1821066,欠,欠,欠,欠,欠,欠,欠,欠,欠,欠,欠,欠,欠,欠,欠,欠,欠,欠,欠,欠,欠,欠,欠,欠,欠,欠,欠,欠,欠,欠,欠,欠,欠,欠,欠,欠,欠,欠,欠,欠,欠,欠,欠,欠,欠,欠,欠,欠,欠,欠,欠,欠,欠,欠,欠,欠,欠,欠,欠,欠,欠,欠,欠,欠,欠,欠,欠,欠,欠,欠,欠,欠,欠,欠,欠,欠,欠,欠,欠,欠,欠,欠,欠,欠,欠,欠,欠,欠,欠,欠,欠,
1821068,0,0,0,3,0,0,4,4,6,129,19,11,76,0,0,0,143,41,0,34,85,0,0,44,76,37,25,98,59,0,122,2,1,0,0,163,51,0,1,0,1,0,0,1,52,52,0,66,0,38,93,101,89,99,0,0,0,0,0,0,46,23,100,2,83,5,16,0,39,63,25,45,91,183,35,58,56,84,7,68,107,38,116,82,48,28,57,2,0,欠,欠,
1821071,欠,欠,5,0,0,0,0,0,0,75,69,13,59,0,1,2,101,23,0,25,78,2,5,74,51,欠,66,65,0,0,74,97,52,0,0,79,77,0,1,0,5,0,0,36,34,17,17,43,43,5,52,0,0,28,0,0,0,0,86,39,17,34,64,64,69,62,40,40,66,90,21,48,97,104,91,94,85,57,13,16,0,47,29,54,0,0,56,98,0,欠,欠,
1821072,欠,欠,欠,欠,5,0,0,15,0,63,43,0,44,0,0,0,47,53,0,0,90,35,53,24,49,52,53,90,2,0,80,18,0,0,0,93,56,101,65,43,23,82,71,12,1,0,0,0,0,0,0,0,0,0,0,0,0,0,0,0,53,58,55,0,80,0,13,17,16,68,38,61,42,113,21,0,74,90,45,63,87,25,56,72,25,63,欠,22,49,欠,欠,
1821073,欠,欠,欠,0,0,0,4,0,9,125,78,62,7,0,0,29,112,30,0,40,111,0,25,72,31,68,97,33,2,28,92,0,1,1,58,83,0,10,1,0,1,0,2,23,7,35,0,84,67,51,100,92,75,106,0,0,2,0,0,17,92,61,9,33,43,0,13,0,79,0,83,47,92,121,115,68,80,0,12,38,64,欠,欠,49,189,86,78,4,3,欠,欠,
1821074,0,欠,21,12,6,33,23,106,73,欠,76,60,54,52,101,100,34,16,2,44,74,89,69,44,57,0,0,0,欠,欠,欠,欠,0,14,0,27,37,4,0,2,60,58,19,0,17,0,25,52,0,24,78,74,45,0,30,37,0,0,0,0,3,0,0,0,0,0,0,0,0,0,0,0,0,0,0,0,0,0,0,0,0,0,0,0,0,0,欠,欠,欠,欠,欠,
1821075,欠,欠,欠,欠,欠,欠,欠,欠,欠,欠,欠,欠,欠,欠,欠,177,190,10,0,0,77,152,0,0,0,0,0,39,199,0,66,78,0,0,0,6,158,0,0,0,0,0,0,46,0,43,21,16,51,1,1,0,0,0,0,0,19,146,56,0,0,0,109,126,0,0,14,0,30,96,3,63,51,137,175,0,38,56,1,0,0,0,0,0,0,82,185,66,欠,欠,欠,
1821076,欠,欠,欠,欠,欠,欠,7,72,26,91,1,20,46,2,2,10,148,0,0,47,58,0,3,0,0,0,0,76,72,0,84,0,1,0,34,134,0,0,1,0,1,0,2,42,1,35,0,52,1,62,欠,85,124,94,0,0,0,0,欠,0,37,80,58,12,80,0,13,0,70,0,0,59,63,151,0,0,88,1,0,0,0,2,0,0,74,160,50,0,0,欠,欠,
1821077,6,0,0,0,0,0,0,0,2,0,95,47,17,45,2,0,0,71,66,0,40,116,0,0,28,68,60,77,14,0,0,93,0,1,0,17,94,0,5,0,0,4,1,0,30,2,39,1,53,15,58,131,89,118,17,0,0,0,0,0,0,88,1,58,0,64,0,18,0,32,58,0,61,74,152,59,0,25,51,2,0,1,78,75,51,111,92,欠,欠,欠,欠,
1821078,欠,欠,欠,3,0,0,54,10,70,56,101,56,89,61,88,115,128,66,141,5,18,108,90,80,113,76,1,0,136,119,132,111,143,150,52,97,117,141,28,0,32,135,96,0,7,欠,欠,欠,欠,欠,欠,欠,欠,欠,欠,欠,欠,欠,欠,欠,欠,欠,欠,欠,欠,欠,欠,欠,欠,欠,欠,欠,欠,欠,欠,欠,欠,欠,欠,欠,欠,欠,欠,欠,欠,欠,欠,欠,欠,欠,欠,
1821079,96,105,107,44,55,59,17,47,49,59,46,59,41,87,42,48,41,59,84,69,46,101,122,85,100,110,47,25,0,0,0,0,0,0,0,欠,欠,欠,欠,欠,欠,欠,欠,欠,欠,欠,欠,欠,欠,欠,欠,欠,欠,欠,欠,欠,欠,欠,欠,欠,欠,欠,欠,欠,欠,欠,欠,欠,欠,欠,欠,欠,欠,欠,欠,欠,欠,欠,欠,欠,欠,欠,欠,欠,欠,欠,欠,欠,欠,欠,欠,
1821080,42,70,142,137,118,125,98,115,156,109,84,133,135,145,132,136,100,0,0,0,0,0,0,0,0,0,0,12,2,0,1,4,0,0,0,0,0,0,0,6,0,0,0,0,0,0,0,0,0,0,0,0,0,0,0,0,0,欠,欠,欠,欠,欠,欠,欠,欠,欠,欠,欠,欠,欠,欠,欠,欠,欠,欠,欠,欠,欠,欠,欠,欠,欠,欠,欠,欠,欠,欠,欠,欠,欠,欠,
1821081,欠,欠,欠,欠,欠,欠,欠,欠,欠,欠,欠,欠,欠,欠,欠,欠,欠,欠,欠,欠,欠,欠,欠,欠,欠,欠,欠,欠,欠,欠,欠,欠,欠,欠,欠,欠,欠,欠,欠,欠,欠,欠,欠,欠,欠,欠,欠,欠,欠,欠,欠,欠,欠,欠,欠,欠,欠,欠,欠,欠,欠,欠,欠,欠,欠,欠,欠,欠,欠,欠,欠,欠,欠,欠,欠,欠,欠,欠,欠,欠,欠,欠,欠,欠,欠,欠,欠,欠,欠,欠,欠,
1821084,22,7,1,58,20,0,41,欠,53,88,82,79,103,64,63,69,27,66,59,0,0,83,63,18,38,69,96,74,113,105,94,91,75,0,0,0,0,0,0,0,0,0,0,0,0,0,0,0,0,0,0,0,0,0,0,0,0,0,0,0,0,0,0,0,0,0,0,0,0,0,0,0,0,0,0,0,0,0,0,0,0,0,0,0,0,0,0,0,0,0,欠,
1821085,欠,欠,欠,欠,欠,3,5,1,0,110,4,欠,80,0,0,2,141,0,0,69,25,4,42,83,13,0,0,120,0,2,108,0,3,欠,12,121,2,0,1,4,1,0,4,41,0,36,0,2,50,0,0,2,0,0,0,欠,欠,欠,欠,欠,欠,欠,欠,欠,61,0,0,0,0,0,0,0,0,0,0,0,6,118,118,196,209,199,206,60,95,欠,83,0,3,欠,欠,
1821086,欠,欠,欠,欠,欠,欠,欠,欠,8,欠,0,131,227,86,1,100,250,66,209,209,299,229,231,266,71,92,198,37,1,1,38,0,0,0,欠,欠,欠,欠,欠,欠,欠,欠,欠,欠,欠,欠,欠,欠,欠,欠,欠,欠,欠,欠,欠,欠,欠,欠,欠,欠,欠,欠,欠,欠,欠,欠,欠,欠,欠,欠,欠,欠,欠,欠,欠,欠,欠,欠,欠,欠,欠,欠,欠,欠,欠,欠,欠,欠,欠,欠,欠,
1821087,0,0,0,0,0,0,0,2,41,155,2,109,0,0,4,0,219,3,1,147,8,0,20,33,49,58,0,19,2,0,174,0,1,0,167,27,7,0,3,1,0,0,0,41,1,38,2,92,2,41,74,77,52,0,0,0,0,0,0,57,91,111,27,111,74,2,23,0,28,108,102,0,209,183,0,50,93,2,1,2,8,55,19,0,76,1,1,0,欠,欠,欠,
1821090,欠,欠,欠,欠,14,0,2,0,39,24,97,4,64,0,6,0,0,121,86,60,77,1,1,84,81,欠,91,8,113,8,142,10,0,0,5,156,25,0,7,0,0,0,0,0,51,66,2,61,0,0,105,103,113,128,0,0,0,0,0,24,85,0,98,3,35,79,15,0,3,0,7,95,124,197,33,11,76,116,136,102,128,1,0,101,156,115,30,0,7,0,欠,
1821093,0,12,0,0,0,1,0,3,1,140,1,105,11,0,0,0,121,19,4,91,116,113,54,68,0,0,3,0,110,0,0,0,1,0,45,144,3,0,0,1,0,0,2,48,0,39,10,67,13,138,127,52,0,14,0,0,0,0,0,14,97,1,72,130,0,2,19,0,65,80,50,28,83,188,17,4,80,4,1,21,144,140,11,0,1,欠,欠,欠,欠,欠,欠,
1821096,欠,欠,欠,欠,欠,12,12,3,0,52,97,4,109,39,0,2,44,120,0,0,1,128,0,29,107,87,94,51,39,8,116,24,7,10,5,97,86,2,22,欠,45,84,26,0,40,10,69,40,38,4,105,96,125,42,74,47,0,35,0,0,46,63,21,57,91,66,26,12,0,62,55,0,85,177,137,2,68,64,10,16,0,25,107,52,91,75,55,39,1,欠,欠,
1821097,欠,欠,欠,4,0,0,0,0,0,0,26,20,0,15,0,1,3,21,20,0,11,40,37,37,31,44,40,22,6,0,6,24,37,8,0,0,17,10,0,2,2,0,0,0,0,37,2,0,18,63,38,30,52,51,39,0,0,0,0,0,0,17,3,16,10,17,3,22,18,39,0,20,4,6,29,28,欠,41,56,55,41,39,54,41,45,26,0,1,欠,欠,欠,
1821098,欠,欠,欠,欠,27,0,0,1,0,0,95,0,58,6,0,0,0,43,101,30,69,42,0,17,88,28,50,17,100,0,15,0,94,3,0,56,62,0,14,0,0,0,0,0,0,42,40,14,36,0,62,29,39,84,17,0,0,0,19,72,46,41,68,0,5,69,4,14,0,0,0,75,73,105,126,11,3,113,93,51,78,64,91,63,52,0,41,2,0,欠,欠,
1821099,17,37,4,0,35,1,0,54,97,109,41,81,53,0,0,0,0,6,0,41,31,54,62,76,13,81,22,59,58,74,85,14,97,2,0,40,80,57,39,92,欠,64,82,88,54,76,41,89,57,52,0,16,2,0,0,0,0,0,0,8,11,0,3,0,0,2,63,70,64,1,0,7,86,0,4,0,32,103,14,0,26,0,0,0,0,欠,欠,欠,欠,欠,欠,
1821102,0,0,0,8,0,0,欠,2,4,68,97,64,12,2,0,0,141,1,0,74,90,0,26,147,46,79,115,49,0,0,125,0,6,19,46,欠,欠,欠,130,0,35,1,2,2,19,62,37,65,25,68,65,133,55,109,125,0,0,61,1,0,80,78,107,74,57,2,49,9,66,86,0,100,46,185,44,0,61,137,94,78,97,76,35,78,5,24,24,20,0,欠,欠,
1821104,欠,欠,欠,欠,欠,欠,欠,3,0,118,0,59,1,0,0,0,114,55,0,0,105,16,0,58,45,56,67,33,0,26,88,0,1,0,0,113,0,0,0,0,0,3,0,67,0,0,35,54,0,49,80,136,20,0,0,0,0,0,0,0,84,0,68,34,0,0,16,0,0,12,126,0,126,124,0,4,127,91,75,119,23,0,0,26,欠,欠,欠,欠,欠,欠,欠,
1821105,欠,20,0,0,0,0,欠,0,0,0,0,0,0,0,0,0,0,0,0,134,51,0,0,0,0,0,0,0,0,0,0,0,0,0,0,0,0,0,0,0,0,欠,0,0,0,0,0,0,0,0,0,0,7,21,0,0,25,175,59,39,9,192,50,0,0,0,4,欠,125,123,0,0,18,233,150,18,15,95,0,13,10,0,8,0,1,0,1,129,54,欠,欠,
1821106,欠,欠,欠,欠,欠,欠,欠,欠,欠,欠,欠,欠,欠,欠,欠,90,134,156,104,68,50,欠,14,14,38,0,0,0,30,183,4,108,28,欠,44,0,132,0,6,0,0,0,0,0,52,1,23,22,62,0,0,0,0,0,0,0,0,0,194,17,0,77,2,26,43,80,0,13,0,0,57,61,0,46,130,166,87,106,0,0,0,0,0,0,0,0,59,158,欠,欠,欠,
1821107,欠,欠,0,欠,1,0,0,4,2,39,114,2,77,1,0,6,24,138,0,0,113,0,0,44,75,120,108,欠,27,7,90,60,0,1,0,61,74,0,9,0,0,0,0,0,41,9,34,12,101,20,162,99,109,2,欠,37,41,13,1,7,88,0,77,31,129,34,8,10,0,118,6,126,14,195,112,2,61,142,173,97,40,72,127,15,12,51,0,1,0,欠,欠,
1821108,0,0,0,1,0,0,0,0,0,0,4,33,1,0,1,0,0,1,1,0,2,1,0,1,0,1,0,4,1,1,29,77,0,1,0,1,0,0,0,0,0,0,0,0,0,0,0,0,0,0,0,0,8,0,0,0,0,0,0,0,0,0,0,3,1,0,31,0,0,17,0,0,4,5,15,0,5,32,47,0,0,1,1,18,11,59,79,70,0,欠,欠,
1821111,欠,欠,欠,欠,105,47,0,0,0,17,69,0,18,19,0,0,0,119,16,0,95,110,81,72,44,45,23,0,92,72,0,欠,0,0,6,52,136,113,130,121,122,53,0,0,0,0,0,0,5,0,0,0,0,0,0,0,0,0,5,25,0,106,68,62,49,71,44,23,76,48,35,38,165,欠,133,60,133,101,86,98,62,41,0,0,0,94,29,0,0,欠,欠,
1821119,1,0,0,0,0,0,0,2,0,163,0,1,79,0,5,1,102,79,0,0,166,0,0,2,79,74,64,37,22,0,0,211,1,0,0,0,0,0,0,0,59,欠,91,0,51,2,54,0,89,0,56,1,0,0,0,0,0,0,141,90,0,174,85,19,90,0,0,19,0,68,46,78,0,0,76,187,37,125,41,72,93,48,104,135,22,62,6,1,3,欠,欠,
1821120,欠,欠,欠,欠,欠,欠,6,5,0,72,100,16,61,12,0,0,46,34,86,0,113,8,0,56,83,112,31,104,90,9,70,38,13,0,1,97,23,9,2,1,1,0,3,6,55,11,109,49,24,28,110,55,49,88,26,74,88,22,0,1,72,37,68,47,19,57,17,15,1,116,81,90,50,128,119,6,101,66,21,6,0,63,131,113,130,89,78,0,0,欠,欠,
1821121,0,1,0,1,0,0,0,7,2,127,0,15,50,3,0,0,149,0,0,9,78,0,1,109,147,58,58,31,16,2,106,0,1,6,19,111,0,0,3,0,1,0,1,32,0,44,0,73,2,97,126,113,0,0,0,0,0,0,0,0,148,55,47,47,50,0,21,0,2,86,17,38,130,235,0,7,104,2,1,0,1,87,184,134,44,25,16,28,欠,欠,欠,
1821122,欠,欠,欠,欠,欠,3,0,0,7,56,101,0,0,0,0,0,3,64,10,123,104,100,2,0,0,0,0,0,99,40,0,60,45,0,0,24,157,29,0,0,0,0,0,7,0,0,0,0,0,0,53,104,88,101,20,18,56,40,0,0,0,0,欠,欠,42,92,87,0,59,70,42,67,0,108,175,16,78,36,0,0,0,0,3,0,2,154,欠,欠,欠,欠,欠,
1821123,0,0,0,0,0,0,0,0,1,123,1,73,15,0,0,1,121,13,17,89,59,2,0,0,12,22,21,82,0,23,82,3,0,2,10,117,9,0,2,0,0,0,0,36,3,37,1,46,1,34,63,94,33,0,0,0,0,0,0,0,0,78,68,115,104,0,24,2,41,31,106,1,106,122,22,27,64,0,0,0,0,64,94,71,25,56,22,9,0,欠,欠,
1821127,0,0,0,0,0,0,欠,22,0,2,138,0,65,52,0,0,44,115,0,51,77,0,0,0,2,0,0,101,58,0,184,4,2,0,16,134,40,0,0,0,0,1,9,3,35,0,38,64,3,51,76,欠,0,0,0,0,0,100,270,120,183,163,166,0,113,0,16,0,2,83,0,74,3,178,100,0,65,40,0,0,0,0,0,4,83,120,46,0,欠,欠,欠,
1821129,欠,欠,欠,欠,欠,欠,欠,欠,欠,欠,欠,欠,欠,欠,欠,欠,欠,欠,欠,欠,欠,欠,欠,欠,欠,欠,欠,欠,欠,欠,欠,欠,欠,欠,欠,81,86,98,91,86,98,欠,93,87,31,59,103,55,0,0,0,0,0,0,0,0,0,3,93,59,106,0,10,86,72,27,13,1,39,53,53,22,0,0,9,96,75,106,78,85,45,0,0,0,0,91,欠,欠,欠,欠,欠,
1821130,欠,0,5,0,0,0,0,0,0,55,57,0,42,0,0,0,57,78,0,0,48,32,1,0,0,17,64,59,22,0,0,102,1,0,0,68,89,2,3,0,2,0,0,0,23,0,44,20,30,27,71,41,88,66,81,0,0,1,0,0,59,3,30,52,55,0,欠,34,0,69,0,50,1,94,103,13,26,65,6,23,11,10,57,81,75,85,37,0,0,欠,欠,
1821131,欠,欠,欠,欠,欠,欠,欠,欠,83,65,115,1,78,104,75,0,0,2,5,106,120,91,0,0,53,93,28,0,0,0,84,46,2,0,0,0,17,134,106,113,81,3,0,0,4,2,0,0,0,0,0,0,0,0,0,0,0,77,63,56,1,119,98,14,0,77,21,25,2,142,11,86,15,185,160,0,51,39,23,2,0,0,0,0,0,0,40,157,43,欠,欠,
1821132,0,0,2,0,0,0,0,1,0,112,1,49,53,0,0,12,143,0,8,9,141,6,6,0,0,0,0,130,11,72,51,0,1,0,22,109,0,0,0,0,0,0,0,0,50,70,0,65,25,112,149,47,0,0,0,0,0,0,0,0,197,131,0,59,25,0,17,0,135,0,64,0,256,27,0,0,96,0,9,1,59,117,154,134,69,34,6,0,欠,欠,欠,
1821133,欠,欠,欠,欠,欠,欠,37,0,0,93,25,0,57,0,0,0,74,53,0,0,111,0,0,0,0,0,0,92,41,0,110,79,0,0,5,68,24,0,0,0,0,0,0,24,13,0,46,27,94,103,30,60,21,0,0,0,0,105,6,0,78,0,45,44,102,0,14,0,37,47,0,80,103,146,29,0,欠,147,80,76,95,77,18,0,0,26,7,欠,欠,欠,欠,
1821134,欠,欠,3,0,5,0,9,2,0,81,42,12,51,0,0,0,72,67,0,36,75,1,0,0,0,0,0,0,103,46,83,29,5,0,0,91,48,0,0,0,1,0,1,0,37,1,36,44,12,2,0,16,48,90,78,58,84,0,0,0,63,39,65,0,92,4,19,0,39,64,1,69,22,128,79,0,72,55,0,22,1,0,0,0,0,13,100,101,15,欠,欠,
1821136,0,1,20,100,29,100,13,0,0,49,62,1,62,3,23,0,12,110,40,71,74,0,49,89,68,67,110,16,0,0,68,93,0,3,1,119,90,1,0,0,0,1,2,10,98,16,68,13,48,0,11,5,17,154,167,62,0,0,0,1,85,83,0,0,48,88,64,93,54,6,82,61,68,139,167,83,79,38,27,165,125,8,9,0,0,0,0,0,0,2,欠,
1821137,116,66,92,87,59,48,43,62,67,37,54,58,56,37,63,88,54,49,70,52,81,26,0,1,2,0,1,15,5,0,1,1,1,3,1,0,0,1,0,0,2,0,4,22,7,1,0,0,0,0,0,0,9,0,0,0,0,0,0,0,0,0,6,4,1,0,0,2,0,5,0,0,0,0,0,21,16,0,0,0,2,0,0,0,6,0,44,欠,欠,欠,欠,
1821138,欠,欠,欠,欠,欠,欠,欠,欠,欠,欠,欠,93,181,139,0,0,0,0,0,116,23,0,0,0,0,0,0,0,0,0,0,0,0,0,0,0,160,172,171,66,0,0,0,0,0,0,0,0,0,107,176,78,83,0,34,0,0,0,0,0,0,0,0,103,147,57,0,3,0,7,146,23,0,0,0,0,0,173,180,41,0,0,0,0,0,0,87,欠,欠,欠,欠,
1821139,欠,欠,欠,欠,欠,欠,欠,欠,欠,35,98,3,85,4,17,1,16,111,0,3,94,7,1,57,95,1,21,1,34,31,62,86,4,12,30,142,1,3,0,1,9,3,0,0,35,4,38,6,51,18,118,178,12,51,21,13,0,0,0,0,103,0,72,5,80,7,2,45,3,108,1,75,2,160,92,0,31,47,1,1,0,30,19,欠,135,87,106,8,0,0,欠,
1821140,欠,欠,欠,欠,欠,欠,欠,欠,欠,欠,欠,欠,欠,欠,欠,欠,欠,欠,欠,欠,欠,欠,欠,欠,欠,欠,欠,欠,欠,欠,欠,欠,欠,欠,欠,欠,欠,欠,欠,欠,欠,欠,欠,欠,欠,欠,欠,欠,欠,欠,欠,欠,欠,欠,欠,欠,欠,欠,欠,欠,欠,欠,欠,欠,欠,欠,欠,欠,欠,欠,欠,欠,欠,欠,欠,欠,欠,欠,欠,欠,欠,欠,欠,欠,欠,欠,欠,欠,欠,欠,欠,
1821141,欠,12,4,0,0,15,29,欠,欠,欠,137,2,73,45,42,0,0,157,0,0,104,2,8,118,121,88,59,19,0,0,103,74,6,0,7,189,12,0,11,0,0,0,0,75,6,0,0,91,9,1,72,172,48,36,1,1,0,19,169,102,欠,欠,135,24,151,96,0,29,65,36,32,52,79,0,47,127,123,152,11,57,40,10,10,44,欠,欠,8,34,0,0,欠,
1821142,欠,欠,欠,3,0,0,0,1,0,45,88,0,60,0,0,0,59,62,0,0,95,0,0,0,0,6,76,58,83,0,92,0,0,0,0,66,64,0,8,0,0,0,0,0,30,44,10,0,0,0,64,38,67,欠,64,94,72,119,51,0,0,80,68,0,65,37,0,19,0,71,0,66,5,124,106,0,71,16,0,1,0,28,86,96,79,89,68,0,1,欠,欠,
1821143,0,0,0,5,0,2,0,29,0,3,131,0,0,92,0,21,65,46,87,1,0,90,1,61,101,欠,119,103,14,0,63,49,3,0,0,59,8,40,92,0,0,5,0,11,51,10,2,102,28,1,91,142,198,1,0,0,33,0,0,3,0,32,34,0,59,139,1,15,0,95,46,87,5,178,153,0,61,86,103,28,0,0,26,82,38,184,60,2,0,欠,欠,
1821145,欠,欠,12,0,0,0,0,0,0,40,113,0,46,29,0,0,120,24,0,40,71,0,0,4,0,0,0,96,29,0,73,32,0,0,42,117,57,0,0,0,2,0,0,0,15,28,16,87,75,0,28,0,0,0,0,0,0,31,98,144,121,0,72,54,54,0,0,0,14,90,60,81,104,139,10,0,0,67,39,0,0,9,0,0,1,107,131,15,3,欠,欠,
1821147,欠,欠,欠,5,64,0,0,0,23,0,107,90,59,0,1,2,28,97,63,0,46,85,43,48,40,25,68,79,43,41,52,83,16,2,0,40,96,73,0,0,0,20,1,0,31,0,0,35,85,4,76,86,95,78,86,115,0,0,3,0,56,57,21,58,46,56,5,11,2,45,116,64,35,97,120,42,15,103,80,45,90,67,102,103,34,0,17,25,0,欠,欠,
1821148,欠,欠,欠,欠,欠,3,70,0,0,137,131,11,46,27,11,0,0,122,0,19,150,2,0,0,146,0,0,0,0,0,22,86,0,1,76,102,0,4,0,4,0,0,1,0,66,10,0,89,0,148,88,0,0,0,0,0,0,0,2,0,83,23,38,32,40,0,0,13,0,48,26,0,45,16,0,107,234,145,4,3,1,0,168,欠,20,0,0,0,欠,欠,欠,
1821150,欠,欠,欠,欠,欠,欠,欠,12,0,欠,4,欠,78,0,0,欠,79,86,0,0,116,47,0,37,102,14,35,121,60,0,0,45,75,4,0,92,92,0,5,0,0,0,0,7,71,0,56,0,63,4,9,112,111,7,0,0,0,103,41,0,92,0,81,35,0,0,0,15,18,76,0,111,73,160,31,0,143,0,0,4,13,114,108,113,114,欠,欠,欠,欠,欠,欠,
1821152,0,0,0,5,0,0,4,66,3,98,37,3,99,0,2,0,68,86,25,6,118,0,33,50,64,75,74,88,37,0,106,15,2,0,2,149,14,2,6,0,1,0,2,34,5,40,2,53,4,8,42,112,109,104,89,100,2,3,2,0,91,16,80,5,76,0,13,0,41,98,2,57,41,186,54,0,68,52,1,0,3,14,11,67,112,57,63,0,0,欠,欠,
1821154,欠,欠,欠,欠,欠,欠,欠,欠,5,115,7,31,26,0,0,0,83,56,0,12,118,0,10,0,0,0,0,0,0,0,0,0,0,0,0,0,0,0,0,0,0,0,0,0,0,0,0,0,0,0,18,0,0,0,0,0,0,0,0,0,0,0,0,0,0,0,0,0,0,0,0,0,0,0,0,0,0,0,0,0,0,0,0,0,0,0,0,0,0,欠,欠,
1821155,欠,欠,欠,欠,欠,欠,欠,欠,欠,欠,欠,欠,欠,欠,欠,欠,欠,欠,欠,欠,欠,欠,欠,欠,欠,欠,欠,欠,欠,欠,欠,欠,欠,欠,欠,欠,欠,欠,欠,欠,欠,欠,欠,欠,欠,欠,欠,欠,欠,欠,欠,欠,欠,欠,欠,欠,欠,欠,欠,欠,欠,欠,欠,欠,欠,欠,欠,欠,欠,欠,欠,欠,欠,欠,欠,欠,欠,欠,欠,欠,欠,欠,欠,欠,欠,欠,欠,欠,欠,欠,欠,
1821156,欠,欠,欠,欠,欠,欠,0,3,0,0,81,43,63,13,0,6,44,122,0,0,80,32,0,0,0,0,0,0,0,108,103,59,0,0,1,62,125,9,5,0,0,3,0,0,38,0,41,12,46,0,0,0,0,13,0,0,0,53,83,106,4,83,30,76,20,66,18,0,0,0,0,0,0,7,106,126,41,56,0,15,32,0,0,36,18,0,109,欠,欠,欠,欠,
1821158,0,0,0,0,0,0,0,0,0,0,0,35,0,0,0,82,65,137,155,110,110,0,9,欠,0,0,0,81,114,28,129,1,1,0,37,99,87,0,0,0,1,欠,14,55,0,24,39,89,14,0,54,87,55,17,0,0,0,72,142,59,109,12,97,93,0,2,17,0,53,108,132,0,104,158,149,67,54,86,1,0,3,20,53,52,80,92,130,欠,欠,欠,欠,
1821159,欠,欠,欠,欠,欠,欠,欠,1,0,114,28,71,20,0,1,19,116,0,0,24,79,1,0,86,74,115,40,0,0,25,112,0,4,0,25,160,0,0,10,1,4,1,8,4,39,34,2,69,72,105,114,129,8,0,0,0,0,0,40,78,75,0,63,2,78,0,16,0,19,80,5,58,73,151,0,1,15,96,94,112,105,116,104,80,20,63,82,3,49,欠,欠,
1821160,欠,欠,欠,4,0,0,0,0,1,150,0,65,8,0,3,21,123,0,0,95,42,0,43,120,47,6,0,1,0,33,78,0,1,0,117,17,1,0,0,3,0,0,0,0,36,44,0,75,0,119,114,121,0,0,0,0,2,0,0,11,99,61,44,120,10,6,11,0,111,0,86,0,150,158,3,0,115,0,24,98,80,113,120,55,63,42,0,0,欠,欠,欠,
1821162,欠,欠,欠,欠,欠,欠,欠,欠,欠,欠,欠,欠,欠,欠,欠,欠,欠,欠,欠,欠,4,0,0,0,0,0,0,0,0,0,0,0,0,0,0,0,0,0,0,0,0,0,0,0,0,0,0,0,0,0,0,0,0,0,0,0,0,0,0,0,欠,0,0,0,0,0,0,0,0,0,0,0,0,0,0,0,0,0,0,0,0,0,0,0,0,0,0,0,0,0,欠,
1821163,0,0,0,0,0,0,0,0,0,75,64,2,84,0,1,3,117,47,0,0,0,0,0,3,159,57,0,0,0,0,37,102,32,176,48,145,0,0,10,0,0,0,0,0,0,0,0,0,0,49,121,3,0,0,0,0,0,111,109,0,115,16,102,0,100,0,18,0,0,81,0,59,38,209,83,0,54,76,0,0,0,0,0,0,0,0,26,187,欠,欠,欠,
1821166,欠,欠,欠,欠,欠,欠,欠,欠,欠,欠,欠,欠,欠,欠,欠,欠,欠,欠,欠,欠,欠,欠,欠,欠,欠,欠,欠,欠,欠,欠,欠,欠,欠,欠,欠,欠,欠,欠,欠,欠,欠,欠,欠,欠,欠,欠,欠,欠,欠,欠,欠,欠,欠,欠,欠,欠,欠,欠,欠,欠,欠,欠,欠,欠,欠,欠,欠,欠,欠,欠,欠,欠,欠,欠,欠,欠,欠,欠,欠,欠,欠,欠,欠,欠,欠,欠,欠,欠,欠,欠,欠,
7699990,欠,欠,7,3,18,0,0,4,4,2,3,6,0,3,12,0,6,0,2,6,0,2,0,0,0,0,3,2,0,8,0,0,6,0,2,3,0,2,0,3,6,2,3,0,12,4,2,3,3,1,4,0,3,25,27,31,2,0,3,3,0,2,2,2,7,0,2,5,0,6,15,0,0,2,3,6,1,3,25,0,5,0,0,2,0,0,0,6,12,0,欠,
999998,欠,欠,欠,欠,欠,欠,欠,欠,欠,欠,欠,欠,欠,欠,欠,欠,欠,欠,欠,欠,欠,欠,欠,欠,欠,欠,欠,欠,欠,欠,欠,欠,欠,欠,欠,欠,欠,欠,欠,欠,欠,欠,欠,欠,欠,欠,欠,欠,欠,欠,欠,欠,欠,欠,欠,欠,欠,欠,欠,欠,欠,欠,欠,欠,欠,欠,欠,欠,欠,欠,欠,欠,欠,欠,欠,欠,欠,欠,欠,欠,欠,欠,欠,欠,欠,欠,欠,欠,欠,欠,欠,
